5.300000000000000000e+01 6.600000000000000000e+01
4.600000000000000000e+01 9.300000000000000000e+01
5.100000000000000000e+01 9.500000000000000000e+01
2.700000000000000000e+01 9.000000000000000000e+01
4.600000000000000000e+01 7.300000000000000000e+01
5.100000000000000000e+01 5.700000000000000000e+01
6.200000000000000000e+01 6.200000000000000000e+01
5.100000000000000000e+01 1.000000000000000000e+02
4.700000000000000000e+01 6.000000000000000000e+01
4.800000000000000000e+01 5.600000000000000000e+01
5.200000000000000000e+01 7.200000000000000000e+01
4.200000000000000000e+01 8.500000000000000000e+01
3.300000000000000000e+01 7.200000000000000000e+01
4.700000000000000000e+01 6.400000000000000000e+01
4.700000000000000000e+01 8.400000000000000000e+01
3.800000000000000000e+01 9.500000000000000000e+01
6.600000000000000000e+01 6.300000000000000000e+01
4.100000000000000000e+01 8.900000000000000000e+01
4.400000000000000000e+01 5.600000000000000000e+01
5.600000000000000000e+01 6.000000000000000000e+01
5.300000000000000000e+01 8.100000000000000000e+01
7.000000000000000000e+01 8.000000000000000000e+01
3.800000000000000000e+01 7.300000000000000000e+01
6.700000000000000000e+01 9.100000000000000000e+01
3.400000000000000000e+01 6.700000000000000000e+01
