8.900000000000000000e+01 6.100000000000000000e+01
9.000000000000000000e+01 7.600000000000000000e+01
8.300000000000000000e+01 4.900000000000000000e+01
8.600000000000000000e+01 4.900000000000000000e+01
1.030000000000000000e+02 3.900000000000000000e+01
9.600000000000000000e+01 4.400000000000000000e+01
1.090000000000000000e+02 7.100000000000000000e+01
7.800000000000000000e+01 5.800000000000000000e+01
1.090000000000000000e+02 4.800000000000000000e+01
1.010000000000000000e+02 5.500000000000000000e+01
8.000000000000000000e+01 5.600000000000000000e+01
9.500000000000000000e+01 5.700000000000000000e+01
7.700000000000000000e+01 5.000000000000000000e+01
1.000000000000000000e+02 7.000000000000000000e+01
9.000000000000000000e+01 5.800000000000000000e+01
1.090000000000000000e+02 4.600000000000000000e+01
9.700000000000000000e+01 6.600000000000000000e+01
8.200000000000000000e+01 5.500000000000000000e+01
9.300000000000000000e+01 6.200000000000000000e+01
8.800000000000000000e+01 4.200000000000000000e+01
1.020000000000000000e+02 7.800000000000000000e+01
1.120000000000000000e+02 6.500000000000000000e+01
9.300000000000000000e+01 7.600000000000000000e+01
9.500000000000000000e+01 4.800000000000000000e+01
7.900000000000000000e+01 7.800000000000000000e+01
9.600000000000000000e+01 5.100000000000000000e+01
8.400000000000000000e+01 5.800000000000000000e+01
9.100000000000000000e+01 7.300000000000000000e+01
