4.400000000000000000e+01 5.900000000000000000e+01
3.800000000000000000e+01 8.200000000000000000e+01
1.600000000000000000e+01 1.010000000000000000e+02
3.000000000000000000e+01 7.000000000000000000e+01
4.600000000000000000e+01 9.100000000000000000e+01
2.600000000000000000e+01 7.100000000000000000e+01
4.000000000000000000e+01 6.900000000000000000e+01
4.700000000000000000e+01 6.200000000000000000e+01
4.400000000000000000e+01 6.600000000000000000e+01
3.800000000000000000e+01 1.020000000000000000e+02
1.600000000000000000e+01 7.800000000000000000e+01
4.400000000000000000e+01 1.000000000000000000e+02
1.900000000000000000e+01 7.300000000000000000e+01
1.800000000000000000e+01 7.400000000000000000e+01
4.400000000000000000e+01 8.300000000000000000e+01
2.900000000000000000e+01 6.000000000000000000e+01
3.900000000000000000e+01 7.300000000000000000e+01
1.900000000000000000e+01 6.700000000000000000e+01
2.800000000000000000e+01 9.200000000000000000e+01
3.500000000000000000e+01 7.300000000000000000e+01
3.000000000000000000e+01 7.300000000000000000e+01
2.200000000000000000e+01 8.600000000000000000e+01
2.600000000000000000e+01 7.600000000000000000e+01
1.400000000000000000e+01 9.200000000000000000e+01
2.300000000000000000e+01 9.700000000000000000e+01
2.500000000000000000e+01 9.300000000000000000e+01
3.700000000000000000e+01 6.200000000000000000e+01
4.800000000000000000e+01 7.700000000000000000e+01
