7.100000000000000000e+01 9.800000000000000000e+01
4.500000000000000000e+01 1.080000000000000000e+02
6.300000000000000000e+01 1.150000000000000000e+02
8.800000000000000000e+01 9.300000000000000000e+01
8.300000000000000000e+01 1.080000000000000000e+02
5.200000000000000000e+01 9.500000000000000000e+01
8.600000000000000000e+01 1.120000000000000000e+02
5.600000000000000000e+01 1.150000000000000000e+02
4.400000000000000000e+01 9.800000000000000000e+01
4.700000000000000000e+01 9.700000000000000000e+01
4.200000000000000000e+01 1.130000000000000000e+02
6.100000000000000000e+01 8.800000000000000000e+01
8.100000000000000000e+01 1.040000000000000000e+02
4.700000000000000000e+01 8.600000000000000000e+01
5.400000000000000000e+01 1.090000000000000000e+02
4.600000000000000000e+01 9.800000000000000000e+01
4.200000000000000000e+01 9.700000000000000000e+01
6.000000000000000000e+01 1.060000000000000000e+02
6.600000000000000000e+01 1.120000000000000000e+02
6.900000000000000000e+01 8.800000000000000000e+01
8.700000000000000000e+01 9.000000000000000000e+01
4.600000000000000000e+01 8.800000000000000000e+01
5.600000000000000000e+01 1.120000000000000000e+02
4.800000000000000000e+01 8.800000000000000000e+01
5.500000000000000000e+01 9.100000000000000000e+01
