3.700000000000000000e+01 1.110000000000000000e+02
4.400000000000000000e+01 1.040000000000000000e+02
5.500000000000000000e+01 1.070000000000000000e+02
5.600000000000000000e+01 9.700000000000000000e+01
6.500000000000000000e+01 8.000000000000000000e+01
4.100000000000000000e+01 1.060000000000000000e+02
6.300000000000000000e+01 7.800000000000000000e+01
4.300000000000000000e+01 9.000000000000000000e+01
5.300000000000000000e+01 1.060000000000000000e+02
3.500000000000000000e+01 1.040000000000000000e+02
6.500000000000000000e+01 8.600000000000000000e+01
3.300000000000000000e+01 9.200000000000000000e+01
4.600000000000000000e+01 7.900000000000000000e+01
4.400000000000000000e+01 9.200000000000000000e+01
4.800000000000000000e+01 8.400000000000000000e+01
6.100000000000000000e+01 8.000000000000000000e+01
3.400000000000000000e+01 7.700000000000000000e+01
4.900000000000000000e+01 1.110000000000000000e+02
2.900000000000000000e+01 9.600000000000000000e+01
2.900000000000000000e+01 8.000000000000000000e+01
3.200000000000000000e+01 9.400000000000000000e+01
2.800000000000000000e+01 1.070000000000000000e+02
4.500000000000000000e+01 7.700000000000000000e+01
