5.400000000000000000e+01 1.010000000000000000e+02
2.900000000000000000e+01 7.800000000000000000e+01
2.700000000000000000e+01 9.100000000000000000e+01
5.600000000000000000e+01 1.110000000000000000e+02
5.400000000000000000e+01 7.700000000000000000e+01
3.800000000000000000e+01 7.700000000000000000e+01
4.400000000000000000e+01 7.600000000000000000e+01
3.500000000000000000e+01 1.170000000000000000e+02
2.000000000000000000e+01 1.020000000000000000e+02
4.700000000000000000e+01 8.600000000000000000e+01
2.700000000000000000e+01 1.010000000000000000e+02
2.200000000000000000e+01 1.080000000000000000e+02
2.700000000000000000e+01 8.700000000000000000e+01
2.200000000000000000e+01 1.050000000000000000e+02
3.400000000000000000e+01 8.100000000000000000e+01
3.700000000000000000e+01 8.100000000000000000e+01
2.300000000000000000e+01 9.900000000000000000e+01
3.500000000000000000e+01 1.010000000000000000e+02
2.300000000000000000e+01 1.040000000000000000e+02
3.500000000000000000e+01 9.400000000000000000e+01
5.700000000000000000e+01 1.010000000000000000e+02
5.100000000000000000e+01 1.070000000000000000e+02
