3.300000000000000000e+01 6.100000000000000000e+01
2.400000000000000000e+01 2.900000000000000000e+01
1.200000000000000000e+01 3.000000000000000000e+01
3.900000000000000000e+01 6.400000000000000000e+01
1.600000000000000000e+01 2.300000000000000000e+01
3.100000000000000000e+01 5.600000000000000000e+01
2.300000000000000000e+01 4.200000000000000000e+01
3.500000000000000000e+01 6.000000000000000000e+01
2.100000000000000000e+01 5.800000000000000000e+01
1.400000000000000000e+01 3.300000000000000000e+01
2.300000000000000000e+01 2.500000000000000000e+01
3.300000000000000000e+01 2.100000000000000000e+01
2.200000000000000000e+01 4.100000000000000000e+01
3.900000000000000000e+01 2.400000000000000000e+01
2.800000000000000000e+01 4.100000000000000000e+01
2.900000000000000000e+01 2.600000000000000000e+01
2.400000000000000000e+01 2.600000000000000000e+01
1.600000000000000000e+01 2.600000000000000000e+01
4.000000000000000000e+01 5.400000000000000000e+01
3.500000000000000000e+01 3.400000000000000000e+01
2.900000000000000000e+01 5.500000000000000000e+01
3.900000000000000000e+01 4.300000000000000000e+01
