6.600000000000000000e+01 1.130000000000000000e+02
6.800000000000000000e+01 8.700000000000000000e+01
5.700000000000000000e+01 1.190000000000000000e+02
5.800000000000000000e+01 9.000000000000000000e+01
5.700000000000000000e+01 1.250000000000000000e+02
6.700000000000000000e+01 1.090000000000000000e+02
7.100000000000000000e+01 1.170000000000000000e+02
7.400000000000000000e+01 1.220000000000000000e+02
7.000000000000000000e+01 1.070000000000000000e+02
6.200000000000000000e+01 1.130000000000000000e+02
8.300000000000000000e+01 9.700000000000000000e+01
8.200000000000000000e+01 9.500000000000000000e+01
6.400000000000000000e+01 1.110000000000000000e+02
5.800000000000000000e+01 1.220000000000000000e+02
7.600000000000000000e+01 1.110000000000000000e+02
8.400000000000000000e+01 1.000000000000000000e+02
6.700000000000000000e+01 1.200000000000000000e+02
6.800000000000000000e+01 1.150000000000000000e+02
7.900000000000000000e+01 1.200000000000000000e+02
5.900000000000000000e+01 1.170000000000000000e+02
7.800000000000000000e+01 1.050000000000000000e+02
6.700000000000000000e+01 1.060000000000000000e+02
5.900000000000000000e+01 1.010000000000000000e+02
6.500000000000000000e+01 8.500000000000000000e+01
7.900000000000000000e+01 1.030000000000000000e+02
