3.800000000000000000e+01 7.300000000000000000e+01
3.900000000000000000e+01 7.400000000000000000e+01
2.400000000000000000e+01 8.000000000000000000e+01
6.400000000000000000e+01 1.050000000000000000e+02
4.000000000000000000e+01 9.900000000000000000e+01
6.000000000000000000e+01 1.040000000000000000e+02
5.700000000000000000e+01 1.050000000000000000e+02
6.000000000000000000e+01 9.000000000000000000e+01
5.000000000000000000e+01 8.700000000000000000e+01
2.400000000000000000e+01 6.500000000000000000e+01
5.700000000000000000e+01 1.000000000000000000e+02
2.400000000000000000e+01 6.700000000000000000e+01
3.900000000000000000e+01 6.600000000000000000e+01
2.900000000000000000e+01 8.200000000000000000e+01
4.800000000000000000e+01 6.500000000000000000e+01
2.300000000000000000e+01 8.500000000000000000e+01
4.300000000000000000e+01 7.200000000000000000e+01
3.000000000000000000e+01 7.800000000000000000e+01
6.700000000000000000e+01 6.800000000000000000e+01
6.300000000000000000e+01 6.700000000000000000e+01
5.000000000000000000e+01 6.200000000000000000e+01
2.400000000000000000e+01 6.100000000000000000e+01
4.000000000000000000e+01 7.500000000000000000e+01
3.300000000000000000e+01 6.900000000000000000e+01
3.300000000000000000e+01 9.800000000000000000e+01
