1.210000000000000000e+02 9.300000000000000000e+01
1.000000000000000000e+02 7.400000000000000000e+01
8.400000000000000000e+01 8.000000000000000000e+01
8.700000000000000000e+01 6.700000000000000000e+01
9.800000000000000000e+01 8.600000000000000000e+01
1.030000000000000000e+02 7.700000000000000000e+01
9.100000000000000000e+01 7.800000000000000000e+01
1.260000000000000000e+02 8.900000000000000000e+01
9.400000000000000000e+01 8.200000000000000000e+01
1.060000000000000000e+02 8.600000000000000000e+01
1.140000000000000000e+02 9.300000000000000000e+01
9.100000000000000000e+01 8.200000000000000000e+01
1.200000000000000000e+02 8.700000000000000000e+01
8.200000000000000000e+01 8.600000000000000000e+01
8.200000000000000000e+01 7.900000000000000000e+01
1.230000000000000000e+02 6.800000000000000000e+01
8.300000000000000000e+01 6.400000000000000000e+01
1.100000000000000000e+02 8.600000000000000000e+01
1.000000000000000000e+02 9.300000000000000000e+01
1.160000000000000000e+02 9.300000000000000000e+01
