5.900000000000000000e+01 1.020000000000000000e+02
6.300000000000000000e+01 7.600000000000000000e+01
4.300000000000000000e+01 1.050000000000000000e+02
2.300000000000000000e+01 9.800000000000000000e+01
2.500000000000000000e+01 1.030000000000000000e+02
5.700000000000000000e+01 9.900000000000000000e+01
5.800000000000000000e+01 1.040000000000000000e+02
3.700000000000000000e+01 1.160000000000000000e+02
4.300000000000000000e+01 1.110000000000000000e+02
5.400000000000000000e+01 9.600000000000000000e+01
6.000000000000000000e+01 8.300000000000000000e+01
6.400000000000000000e+01 8.000000000000000000e+01
2.800000000000000000e+01 7.500000000000000000e+01
3.000000000000000000e+01 1.110000000000000000e+02
5.300000000000000000e+01 1.170000000000000000e+02
5.200000000000000000e+01 1.000000000000000000e+02
5.600000000000000000e+01 9.100000000000000000e+01
4.000000000000000000e+01 1.000000000000000000e+02
2.400000000000000000e+01 1.100000000000000000e+02
4.500000000000000000e+01 7.600000000000000000e+01
3.300000000000000000e+01 9.100000000000000000e+01
5.400000000000000000e+01 8.700000000000000000e+01
5.900000000000000000e+01 7.800000000000000000e+01
2.600000000000000000e+01 1.220000000000000000e+02
5.100000000000000000e+01 1.100000000000000000e+02
6.200000000000000000e+01 8.700000000000000000e+01
5.600000000000000000e+01 9.300000000000000000e+01
5.500000000000000000e+01 1.120000000000000000e+02
2.400000000000000000e+01 8.100000000000000000e+01
