4.100000000000000000e+01 8.200000000000000000e+01
5.600000000000000000e+01 9.300000000000000000e+01
3.300000000000000000e+01 6.600000000000000000e+01
5.200000000000000000e+01 6.700000000000000000e+01
7.900000000000000000e+01 6.900000000000000000e+01
6.100000000000000000e+01 7.800000000000000000e+01
6.900000000000000000e+01 6.300000000000000000e+01
4.600000000000000000e+01 7.900000000000000000e+01
3.600000000000000000e+01 8.500000000000000000e+01
5.700000000000000000e+01 9.200000000000000000e+01
5.200000000000000000e+01 7.200000000000000000e+01
4.600000000000000000e+01 7.000000000000000000e+01
7.600000000000000000e+01 9.100000000000000000e+01
4.700000000000000000e+01 7.800000000000000000e+01
3.500000000000000000e+01 8.300000000000000000e+01
6.600000000000000000e+01 7.000000000000000000e+01
5.200000000000000000e+01 8.600000000000000000e+01
5.200000000000000000e+01 8.200000000000000000e+01
4.000000000000000000e+01 9.100000000000000000e+01
3.600000000000000000e+01 7.900000000000000000e+01
4.500000000000000000e+01 6.500000000000000000e+01
