1.060000000000000000e+02 6.100000000000000000e+01
1.240000000000000000e+02 6.300000000000000000e+01
8.600000000000000000e+01 3.300000000000000000e+01
1.210000000000000000e+02 5.900000000000000000e+01
1.090000000000000000e+02 2.700000000000000000e+01
1.070000000000000000e+02 3.700000000000000000e+01
1.170000000000000000e+02 4.800000000000000000e+01
8.600000000000000000e+01 4.000000000000000000e+01
1.060000000000000000e+02 4.200000000000000000e+01
1.070000000000000000e+02 5.300000000000000000e+01
1.240000000000000000e+02 3.100000000000000000e+01
8.700000000000000000e+01 2.700000000000000000e+01
1.030000000000000000e+02 5.600000000000000000e+01
9.100000000000000000e+01 6.000000000000000000e+01
9.300000000000000000e+01 6.700000000000000000e+01
8.300000000000000000e+01 5.500000000000000000e+01
1.130000000000000000e+02 6.000000000000000000e+01
8.700000000000000000e+01 3.200000000000000000e+01
9.100000000000000000e+01 6.500000000000000000e+01
1.200000000000000000e+02 6.300000000000000000e+01
1.240000000000000000e+02 5.500000000000000000e+01
1.090000000000000000e+02 5.600000000000000000e+01
8.800000000000000000e+01 6.700000000000000000e+01
1.150000000000000000e+02 3.900000000000000000e+01
8.300000000000000000e+01 2.600000000000000000e+01
1.230000000000000000e+02 2.800000000000000000e+01
