9.300000000000000000e+01 5.300000000000000000e+01
7.800000000000000000e+01 6.900000000000000000e+01
1.120000000000000000e+02 6.000000000000000000e+01
8.000000000000000000e+01 7.900000000000000000e+01
1.150000000000000000e+02 7.200000000000000000e+01
1.000000000000000000e+02 5.500000000000000000e+01
1.070000000000000000e+02 4.600000000000000000e+01
8.600000000000000000e+01 5.300000000000000000e+01
7.700000000000000000e+01 6.600000000000000000e+01
1.090000000000000000e+02 4.400000000000000000e+01
1.040000000000000000e+02 5.500000000000000000e+01
7.900000000000000000e+01 5.900000000000000000e+01
1.060000000000000000e+02 8.500000000000000000e+01
1.000000000000000000e+02 6.000000000000000000e+01
9.500000000000000000e+01 4.900000000000000000e+01
7.800000000000000000e+01 5.000000000000000000e+01
1.080000000000000000e+02 7.100000000000000000e+01
8.600000000000000000e+01 6.600000000000000000e+01
9.800000000000000000e+01 4.300000000000000000e+01
1.150000000000000000e+02 4.600000000000000000e+01
7.700000000000000000e+01 4.200000000000000000e+01
9.200000000000000000e+01 5.400000000000000000e+01
9.100000000000000000e+01 6.200000000000000000e+01
1.140000000000000000e+02 4.900000000000000000e+01
8.400000000000000000e+01 5.700000000000000000e+01
8.600000000000000000e+01 5.600000000000000000e+01
8.900000000000000000e+01 8.000000000000000000e+01
8.100000000000000000e+01 6.000000000000000000e+01
