1.040000000000000000e+02 1.900000000000000000e+01
8.300000000000000000e+01 3.900000000000000000e+01
1.150000000000000000e+02 3.400000000000000000e+01
9.900000000000000000e+01 2.300000000000000000e+01
7.400000000000000000e+01 3.000000000000000000e+01
1.080000000000000000e+02 3.500000000000000000e+01
7.500000000000000000e+01 3.100000000000000000e+01
1.120000000000000000e+02 2.100000000000000000e+01
7.500000000000000000e+01 4.300000000000000000e+01
8.000000000000000000e+01 2.500000000000000000e+01
1.160000000000000000e+02 2.400000000000000000e+01
7.900000000000000000e+01 1.900000000000000000e+01
9.900000000000000000e+01 3.300000000000000000e+01
1.100000000000000000e+02 3.200000000000000000e+01
1.130000000000000000e+02 2.700000000000000000e+01
1.060000000000000000e+02 3.900000000000000000e+01
1.050000000000000000e+02 2.500000000000000000e+01
8.600000000000000000e+01 3.800000000000000000e+01
7.600000000000000000e+01 3.500000000000000000e+01
1.100000000000000000e+02 1.500000000000000000e+01
8.600000000000000000e+01 3.200000000000000000e+01
1.070000000000000000e+02 1.800000000000000000e+01
1.080000000000000000e+02 3.000000000000000000e+01
