1.130000000000000000e+02 2.600000000000000000e+01
9.700000000000000000e+01 2.900000000000000000e+01
8.900000000000000000e+01 1.300000000000000000e+01
1.170000000000000000e+02 2.500000000000000000e+01
9.200000000000000000e+01 2.900000000000000000e+01
1.180000000000000000e+02 3.200000000000000000e+01
1.210000000000000000e+02 1.500000000000000000e+01
1.160000000000000000e+02 1.100000000000000000e+01
9.100000000000000000e+01 1.600000000000000000e+01
1.020000000000000000e+02 3.900000000000000000e+01
1.110000000000000000e+02 2.100000000000000000e+01
1.120000000000000000e+02 2.200000000000000000e+01
1.190000000000000000e+02 2.000000000000000000e+01
8.500000000000000000e+01 1.700000000000000000e+01
8.500000000000000000e+01 1.500000000000000000e+01
1.070000000000000000e+02 1.800000000000000000e+01
1.130000000000000000e+02 2.800000000000000000e+01
1.130000000000000000e+02 1.800000000000000000e+01
9.700000000000000000e+01 3.200000000000000000e+01
8.500000000000000000e+01 2.900000000000000000e+01
1.200000000000000000e+02 2.900000000000000000e+01
9.800000000000000000e+01 1.500000000000000000e+01
1.100000000000000000e+02 2.800000000000000000e+01
8.800000000000000000e+01 3.100000000000000000e+01
8.900000000000000000e+01 2.000000000000000000e+01
1.060000000000000000e+02 1.100000000000000000e+01
9.600000000000000000e+01 1.400000000000000000e+01
9.300000000000000000e+01 1.400000000000000000e+01
