4.000000000000000000e+01 6.500000000000000000e+01
4.600000000000000000e+01 6.600000000000000000e+01
5.400000000000000000e+01 9.800000000000000000e+01
4.800000000000000000e+01 5.800000000000000000e+01
5.800000000000000000e+01 5.700000000000000000e+01
6.300000000000000000e+01 8.100000000000000000e+01
4.500000000000000000e+01 8.200000000000000000e+01
3.700000000000000000e+01 9.700000000000000000e+01
4.000000000000000000e+01 8.800000000000000000e+01
3.500000000000000000e+01 8.000000000000000000e+01
4.000000000000000000e+01 1.000000000000000000e+02
5.000000000000000000e+01 6.100000000000000000e+01
4.000000000000000000e+01 5.500000000000000000e+01
3.600000000000000000e+01 9.400000000000000000e+01
4.300000000000000000e+01 5.600000000000000000e+01
5.800000000000000000e+01 9.500000000000000000e+01
5.100000000000000000e+01 9.600000000000000000e+01
6.100000000000000000e+01 8.900000000000000000e+01
3.500000000000000000e+01 7.400000000000000000e+01
4.700000000000000000e+01 6.700000000000000000e+01
6.400000000000000000e+01 8.200000000000000000e+01
4.800000000000000000e+01 9.200000000000000000e+01
3.800000000000000000e+01 1.010000000000000000e+02
6.000000000000000000e+01 1.020000000000000000e+02
6.300000000000000000e+01 7.400000000000000000e+01
5.400000000000000000e+01 6.400000000000000000e+01
5.600000000000000000e+01 8.500000000000000000e+01
