8.700000000000000000e+01 6.200000000000000000e+01
1.020000000000000000e+02 7.400000000000000000e+01
7.300000000000000000e+01 7.000000000000000000e+01
1.010000000000000000e+02 3.700000000000000000e+01
9.000000000000000000e+01 3.300000000000000000e+01
1.110000000000000000e+02 3.500000000000000000e+01
8.100000000000000000e+01 6.200000000000000000e+01
1.060000000000000000e+02 4.000000000000000000e+01
7.800000000000000000e+01 3.200000000000000000e+01
7.900000000000000000e+01 4.900000000000000000e+01
1.070000000000000000e+02 7.500000000000000000e+01
1.120000000000000000e+02 7.200000000000000000e+01
1.100000000000000000e+02 4.600000000000000000e+01
1.000000000000000000e+02 6.200000000000000000e+01
9.000000000000000000e+01 5.800000000000000000e+01
1.160000000000000000e+02 4.500000000000000000e+01
1.140000000000000000e+02 7.500000000000000000e+01
9.800000000000000000e+01 7.200000000000000000e+01
1.050000000000000000e+02 6.300000000000000000e+01
7.600000000000000000e+01 6.400000000000000000e+01
7.900000000000000000e+01 6.500000000000000000e+01
7.900000000000000000e+01 6.900000000000000000e+01
1.130000000000000000e+02 3.500000000000000000e+01
