7.600000000000000000e+01 3.400000000000000000e+01
9.700000000000000000e+01 1.600000000000000000e+01
8.000000000000000000e+01 4.200000000000000000e+01
7.700000000000000000e+01 3.200000000000000000e+01
1.030000000000000000e+02 4.000000000000000000e+01
8.800000000000000000e+01 1.800000000000000000e+01
9.700000000000000000e+01 3.900000000000000000e+01
9.900000000000000000e+01 1.400000000000000000e+01
8.600000000000000000e+01 1.400000000000000000e+01
1.020000000000000000e+02 4.100000000000000000e+01
9.500000000000000000e+01 3.200000000000000000e+01
8.700000000000000000e+01 2.600000000000000000e+01
1.070000000000000000e+02 1.800000000000000000e+01
1.070000000000000000e+02 4.200000000000000000e+01
9.000000000000000000e+01 1.600000000000000000e+01
1.060000000000000000e+02 2.100000000000000000e+01
9.500000000000000000e+01 1.500000000000000000e+01
7.600000000000000000e+01 2.900000000000000000e+01
9.700000000000000000e+01 3.200000000000000000e+01
7.600000000000000000e+01 2.200000000000000000e+01
9.700000000000000000e+01 2.100000000000000000e+01
9.200000000000000000e+01 4.200000000000000000e+01
9.200000000000000000e+01 1.900000000000000000e+01
1.000000000000000000e+02 3.900000000000000000e+01
7.700000000000000000e+01 3.700000000000000000e+01
8.100000000000000000e+01 1.600000000000000000e+01
8.400000000000000000e+01 2.300000000000000000e+01
