5.800000000000000000e+01 8.800000000000000000e+01
6.200000000000000000e+01 1.040000000000000000e+02
2.700000000000000000e+01 1.080000000000000000e+02
3.500000000000000000e+01 9.100000000000000000e+01
2.400000000000000000e+01 9.200000000000000000e+01
4.200000000000000000e+01 1.130000000000000000e+02
2.500000000000000000e+01 1.160000000000000000e+02
2.500000000000000000e+01 9.100000000000000000e+01
5.500000000000000000e+01 1.240000000000000000e+02
6.900000000000000000e+01 1.130000000000000000e+02
4.400000000000000000e+01 8.700000000000000000e+01
4.800000000000000000e+01 9.100000000000000000e+01
4.600000000000000000e+01 1.110000000000000000e+02
6.100000000000000000e+01 9.800000000000000000e+01
6.900000000000000000e+01 1.290000000000000000e+02
6.100000000000000000e+01 1.150000000000000000e+02
6.700000000000000000e+01 1.230000000000000000e+02
5.200000000000000000e+01 8.600000000000000000e+01
5.100000000000000000e+01 9.900000000000000000e+01
2.900000000000000000e+01 1.240000000000000000e+02
6.100000000000000000e+01 1.070000000000000000e+02
4.300000000000000000e+01 1.050000000000000000e+02
3.300000000000000000e+01 1.010000000000000000e+02
4.200000000000000000e+01 8.300000000000000000e+01
6.400000000000000000e+01 8.400000000000000000e+01
3.900000000000000000e+01 8.700000000000000000e+01
3.000000000000000000e+01 1.270000000000000000e+02
3.900000000000000000e+01 1.170000000000000000e+02
