6.900000000000000000e+01 4.400000000000000000e+01
1.120000000000000000e+02 3.800000000000000000e+01
9.400000000000000000e+01 3.700000000000000000e+01
7.400000000000000000e+01 2.000000000000000000e+01
9.100000000000000000e+01 2.300000000000000000e+01
8.700000000000000000e+01 2.800000000000000000e+01
8.100000000000000000e+01 1.900000000000000000e+01
8.400000000000000000e+01 3.900000000000000000e+01
1.010000000000000000e+02 2.300000000000000000e+01
6.600000000000000000e+01 3.800000000000000000e+01
7.800000000000000000e+01 3.000000000000000000e+01
6.700000000000000000e+01 3.300000000000000000e+01
8.400000000000000000e+01 2.700000000000000000e+01
8.500000000000000000e+01 2.200000000000000000e+01
9.200000000000000000e+01 4.400000000000000000e+01
7.100000000000000000e+01 2.100000000000000000e+01
6.800000000000000000e+01 3.600000000000000000e+01
9.700000000000000000e+01 1.800000000000000000e+01
8.600000000000000000e+01 3.200000000000000000e+01
9.700000000000000000e+01 1.600000000000000000e+01
1.080000000000000000e+02 3.700000000000000000e+01
7.200000000000000000e+01 4.000000000000000000e+01
1.010000000000000000e+02 3.800000000000000000e+01
9.200000000000000000e+01 1.800000000000000000e+01
1.100000000000000000e+02 3.100000000000000000e+01
1.090000000000000000e+02 2.500000000000000000e+01
9.100000000000000000e+01 3.100000000000000000e+01
1.050000000000000000e+02 3.200000000000000000e+01
