5.600000000000000000e+01 1.280000000000000000e+02
8.200000000000000000e+01 1.160000000000000000e+02
4.500000000000000000e+01 1.320000000000000000e+02
7.100000000000000000e+01 1.290000000000000000e+02
4.900000000000000000e+01 8.800000000000000000e+01
5.600000000000000000e+01 1.230000000000000000e+02
8.100000000000000000e+01 1.280000000000000000e+02
5.800000000000000000e+01 1.250000000000000000e+02
4.900000000000000000e+01 1.120000000000000000e+02
4.400000000000000000e+01 1.200000000000000000e+02
5.900000000000000000e+01 9.200000000000000000e+01
7.300000000000000000e+01 1.070000000000000000e+02
5.700000000000000000e+01 1.040000000000000000e+02
7.800000000000000000e+01 1.060000000000000000e+02
8.400000000000000000e+01 9.400000000000000000e+01
6.000000000000000000e+01 1.270000000000000000e+02
7.000000000000000000e+01 1.210000000000000000e+02
8.200000000000000000e+01 1.110000000000000000e+02
4.700000000000000000e+01 1.020000000000000000e+02
5.400000000000000000e+01 9.400000000000000000e+01
7.100000000000000000e+01 9.700000000000000000e+01
8.300000000000000000e+01 1.080000000000000000e+02
8.000000000000000000e+01 1.260000000000000000e+02
7.300000000000000000e+01 1.250000000000000000e+02
