6.900000000000000000e+01 8.100000000000000000e+01
6.900000000000000000e+01 1.110000000000000000e+02
6.800000000000000000e+01 1.120000000000000000e+02
8.400000000000000000e+01 1.080000000000000000e+02
6.800000000000000000e+01 1.030000000000000000e+02
7.900000000000000000e+01 9.100000000000000000e+01
4.400000000000000000e+01 1.060000000000000000e+02
5.400000000000000000e+01 7.800000000000000000e+01
5.900000000000000000e+01 8.800000000000000000e+01
5.000000000000000000e+01 9.200000000000000000e+01
5.000000000000000000e+01 8.600000000000000000e+01
8.500000000000000000e+01 7.800000000000000000e+01
6.100000000000000000e+01 8.300000000000000000e+01
8.200000000000000000e+01 1.060000000000000000e+02
5.900000000000000000e+01 1.100000000000000000e+02
6.200000000000000000e+01 7.500000000000000000e+01
6.900000000000000000e+01 1.000000000000000000e+02
7.500000000000000000e+01 8.000000000000000000e+01
8.400000000000000000e+01 9.000000000000000000e+01
6.100000000000000000e+01 9.000000000000000000e+01
8.600000000000000000e+01 8.400000000000000000e+01
