9.300000000000000000e+01 5.300000000000000000e+01
1.030000000000000000e+02 4.900000000000000000e+01
1.280000000000000000e+02 5.800000000000000000e+01
1.290000000000000000e+02 5.000000000000000000e+01
1.050000000000000000e+02 7.200000000000000000e+01
1.310000000000000000e+02 5.800000000000000000e+01
1.060000000000000000e+02 7.700000000000000000e+01
1.040000000000000000e+02 5.800000000000000000e+01
1.290000000000000000e+02 6.000000000000000000e+01
8.900000000000000000e+01 7.700000000000000000e+01
1.070000000000000000e+02 5.500000000000000000e+01
1.270000000000000000e+02 4.100000000000000000e+01
1.290000000000000000e+02 4.400000000000000000e+01
8.600000000000000000e+01 7.700000000000000000e+01
1.060000000000000000e+02 4.800000000000000000e+01
1.310000000000000000e+02 5.400000000000000000e+01
1.010000000000000000e+02 6.300000000000000000e+01
1.270000000000000000e+02 7.900000000000000000e+01
1.170000000000000000e+02 5.500000000000000000e+01
1.250000000000000000e+02 7.700000000000000000e+01
1.090000000000000000e+02 6.800000000000000000e+01
1.250000000000000000e+02 6.700000000000000000e+01
1.140000000000000000e+02 5.500000000000000000e+01
1.120000000000000000e+02 5.000000000000000000e+01
8.800000000000000000e+01 5.100000000000000000e+01
1.040000000000000000e+02 5.400000000000000000e+01
1.070000000000000000e+02 5.200000000000000000e+01
8.700000000000000000e+01 6.800000000000000000e+01
9.300000000000000000e+01 5.900000000000000000e+01
