1.140000000000000000e+02 2.400000000000000000e+01
1.110000000000000000e+02 3.200000000000000000e+01
1.100000000000000000e+02 3.600000000000000000e+01
8.800000000000000000e+01 4.700000000000000000e+01
1.060000000000000000e+02 3.700000000000000000e+01
1.050000000000000000e+02 3.600000000000000000e+01
8.600000000000000000e+01 1.600000000000000000e+01
1.140000000000000000e+02 3.300000000000000000e+01
9.900000000000000000e+01 3.900000000000000000e+01
1.020000000000000000e+02 2.200000000000000000e+01
1.020000000000000000e+02 3.800000000000000000e+01
8.500000000000000000e+01 3.900000000000000000e+01
1.120000000000000000e+02 4.300000000000000000e+01
8.000000000000000000e+01 4.400000000000000000e+01
8.800000000000000000e+01 3.400000000000000000e+01
9.900000000000000000e+01 4.300000000000000000e+01
9.100000000000000000e+01 2.800000000000000000e+01
8.600000000000000000e+01 3.000000000000000000e+01
7.900000000000000000e+01 4.300000000000000000e+01
8.500000000000000000e+01 4.700000000000000000e+01
1.110000000000000000e+02 1.600000000000000000e+01
7.800000000000000000e+01 3.000000000000000000e+01
8.500000000000000000e+01 2.000000000000000000e+01
1.050000000000000000e+02 4.100000000000000000e+01
1.010000000000000000e+02 2.300000000000000000e+01
8.200000000000000000e+01 2.300000000000000000e+01
9.300000000000000000e+01 2.400000000000000000e+01
8.700000000000000000e+01 3.100000000000000000e+01
9.000000000000000000e+01 1.700000000000000000e+01
