1.340000000000000000e+02 7.900000000000000000e+01
1.090000000000000000e+02 1.110000000000000000e+02
1.310000000000000000e+02 1.020000000000000000e+02
1.140000000000000000e+02 1.040000000000000000e+02
8.900000000000000000e+01 1.020000000000000000e+02
1.230000000000000000e+02 1.140000000000000000e+02
9.200000000000000000e+01 7.400000000000000000e+01
1.310000000000000000e+02 9.300000000000000000e+01
1.220000000000000000e+02 6.800000000000000000e+01
1.160000000000000000e+02 1.140000000000000000e+02
9.800000000000000000e+01 9.400000000000000000e+01
1.080000000000000000e+02 8.300000000000000000e+01
1.130000000000000000e+02 6.800000000000000000e+01
1.300000000000000000e+02 7.100000000000000000e+01
8.800000000000000000e+01 8.700000000000000000e+01
1.000000000000000000e+02 8.500000000000000000e+01
1.080000000000000000e+02 7.100000000000000000e+01
1.150000000000000000e+02 6.700000000000000000e+01
1.260000000000000000e+02 1.080000000000000000e+02
1.100000000000000000e+02 1.060000000000000000e+02
1.150000000000000000e+02 8.400000000000000000e+01
1.320000000000000000e+02 9.900000000000000000e+01
8.900000000000000000e+01 7.600000000000000000e+01
1.000000000000000000e+02 9.900000000000000000e+01
8.800000000000000000e+01 9.600000000000000000e+01
9.200000000000000000e+01 1.120000000000000000e+02
