6.500000000000000000e+01 8.000000000000000000e+01
6.000000000000000000e+01 1.070000000000000000e+02
5.700000000000000000e+01 1.030000000000000000e+02
7.000000000000000000e+01 1.070000000000000000e+02
5.600000000000000000e+01 1.140000000000000000e+02
7.100000000000000000e+01 1.010000000000000000e+02
6.800000000000000000e+01 8.800000000000000000e+01
5.700000000000000000e+01 1.090000000000000000e+02
6.600000000000000000e+01 9.200000000000000000e+01
5.300000000000000000e+01 8.100000000000000000e+01
5.100000000000000000e+01 7.700000000000000000e+01
4.400000000000000000e+01 1.160000000000000000e+02
6.900000000000000000e+01 1.060000000000000000e+02
4.900000000000000000e+01 9.000000000000000000e+01
4.500000000000000000e+01 9.200000000000000000e+01
5.000000000000000000e+01 8.900000000000000000e+01
7.000000000000000000e+01 8.800000000000000000e+01
4.800000000000000000e+01 8.600000000000000000e+01
4.000000000000000000e+01 7.700000000000000000e+01
6.700000000000000000e+01 1.020000000000000000e+02
5.200000000000000000e+01 1.020000000000000000e+02
4.500000000000000000e+01 1.030000000000000000e+02
4.900000000000000000e+01 1.020000000000000000e+02
4.800000000000000000e+01 1.110000000000000000e+02
5.500000000000000000e+01 1.150000000000000000e+02
4.300000000000000000e+01 1.010000000000000000e+02
