6.700000000000000000e+01 2.900000000000000000e+01
5.400000000000000000e+01 3.400000000000000000e+01
8.800000000000000000e+01 5.200000000000000000e+01
5.900000000000000000e+01 3.200000000000000000e+01
5.400000000000000000e+01 5.000000000000000000e+01
7.600000000000000000e+01 4.900000000000000000e+01
6.200000000000000000e+01 5.500000000000000000e+01
7.800000000000000000e+01 3.300000000000000000e+01
7.000000000000000000e+01 4.300000000000000000e+01
7.500000000000000000e+01 4.700000000000000000e+01
5.700000000000000000e+01 5.500000000000000000e+01
7.000000000000000000e+01 4.500000000000000000e+01
7.800000000000000000e+01 5.300000000000000000e+01
8.300000000000000000e+01 5.500000000000000000e+01
8.300000000000000000e+01 4.900000000000000000e+01
6.000000000000000000e+01 3.100000000000000000e+01
5.100000000000000000e+01 3.100000000000000000e+01
6.300000000000000000e+01 3.700000000000000000e+01
5.500000000000000000e+01 3.800000000000000000e+01
6.500000000000000000e+01 5.500000000000000000e+01
5.300000000000000000e+01 4.900000000000000000e+01
5.100000000000000000e+01 3.600000000000000000e+01
6.100000000000000000e+01 3.200000000000000000e+01
8.900000000000000000e+01 3.700000000000000000e+01
6.800000000000000000e+01 3.200000000000000000e+01
5.900000000000000000e+01 5.500000000000000000e+01
8.000000000000000000e+01 4.500000000000000000e+01
