2.800000000000000000e+01 9.700000000000000000e+01
5.100000000000000000e+01 1.130000000000000000e+02
5.600000000000000000e+01 8.600000000000000000e+01
4.900000000000000000e+01 1.020000000000000000e+02
3.500000000000000000e+01 8.700000000000000000e+01
3.400000000000000000e+01 1.220000000000000000e+02
3.200000000000000000e+01 1.190000000000000000e+02
3.200000000000000000e+01 9.600000000000000000e+01
5.700000000000000000e+01 1.070000000000000000e+02
3.800000000000000000e+01 1.060000000000000000e+02
3.200000000000000000e+01 1.260000000000000000e+02
4.500000000000000000e+01 1.200000000000000000e+02
4.800000000000000000e+01 1.180000000000000000e+02
5.700000000000000000e+01 9.200000000000000000e+01
5.600000000000000000e+01 1.050000000000000000e+02
3.500000000000000000e+01 9.300000000000000000e+01
4.000000000000000000e+01 1.240000000000000000e+02
3.300000000000000000e+01 1.010000000000000000e+02
3.900000000000000000e+01 1.190000000000000000e+02
2.900000000000000000e+01 1.090000000000000000e+02
3.000000000000000000e+01 1.180000000000000000e+02
5.100000000000000000e+01 9.700000000000000000e+01
3.300000000000000000e+01 1.150000000000000000e+02
4.800000000000000000e+01 9.200000000000000000e+01
4.600000000000000000e+01 1.040000000000000000e+02
4.100000000000000000e+01 8.900000000000000000e+01
