6.100000000000000000e+01 8.900000000000000000e+01
9.400000000000000000e+01 8.100000000000000000e+01
6.100000000000000000e+01 1.010000000000000000e+02
9.300000000000000000e+01 8.000000000000000000e+01
7.700000000000000000e+01 1.060000000000000000e+02
6.400000000000000000e+01 7.400000000000000000e+01
9.100000000000000000e+01 7.500000000000000000e+01
6.700000000000000000e+01 1.040000000000000000e+02
6.800000000000000000e+01 7.400000000000000000e+01
7.900000000000000000e+01 8.800000000000000000e+01
6.300000000000000000e+01 1.190000000000000000e+02
6.400000000000000000e+01 1.080000000000000000e+02
9.100000000000000000e+01 1.140000000000000000e+02
6.500000000000000000e+01 8.500000000000000000e+01
5.800000000000000000e+01 1.170000000000000000e+02
9.100000000000000000e+01 1.010000000000000000e+02
6.200000000000000000e+01 8.200000000000000000e+01
7.900000000000000000e+01 8.500000000000000000e+01
6.900000000000000000e+01 8.200000000000000000e+01
6.500000000000000000e+01 9.500000000000000000e+01
