6.100000000000000000e+01 9.000000000000000000e+01
8.100000000000000000e+01 1.240000000000000000e+02
7.100000000000000000e+01 1.220000000000000000e+02
7.300000000000000000e+01 1.230000000000000000e+02
5.800000000000000000e+01 1.250000000000000000e+02
7.000000000000000000e+01 9.100000000000000000e+01
7.200000000000000000e+01 1.010000000000000000e+02
8.300000000000000000e+01 9.500000000000000000e+01
7.400000000000000000e+01 1.160000000000000000e+02
6.000000000000000000e+01 1.030000000000000000e+02
5.900000000000000000e+01 1.050000000000000000e+02
6.900000000000000000e+01 9.000000000000000000e+01
5.200000000000000000e+01 1.070000000000000000e+02
6.900000000000000000e+01 9.600000000000000000e+01
6.200000000000000000e+01 1.140000000000000000e+02
5.100000000000000000e+01 1.130000000000000000e+02
8.500000000000000000e+01 1.000000000000000000e+02
6.300000000000000000e+01 1.270000000000000000e+02
7.200000000000000000e+01 8.800000000000000000e+01
7.200000000000000000e+01 1.130000000000000000e+02
5.900000000000000000e+01 1.130000000000000000e+02
6.200000000000000000e+01 1.250000000000000000e+02
5.900000000000000000e+01 1.230000000000000000e+02
