9.000000000000000000e+01 1.000000000000000000e+02
1.210000000000000000e+02 8.100000000000000000e+01
9.100000000000000000e+01 9.700000000000000000e+01
1.100000000000000000e+02 9.100000000000000000e+01
1.210000000000000000e+02 9.800000000000000000e+01
1.190000000000000000e+02 1.000000000000000000e+02
8.900000000000000000e+01 8.100000000000000000e+01
1.100000000000000000e+02 1.060000000000000000e+02
1.060000000000000000e+02 1.020000000000000000e+02
1.060000000000000000e+02 8.500000000000000000e+01
9.700000000000000000e+01 1.140000000000000000e+02
1.250000000000000000e+02 1.080000000000000000e+02
9.000000000000000000e+01 1.140000000000000000e+02
1.040000000000000000e+02 9.400000000000000000e+01
9.000000000000000000e+01 9.000000000000000000e+01
1.070000000000000000e+02 8.900000000000000000e+01
9.600000000000000000e+01 1.110000000000000000e+02
9.100000000000000000e+01 8.400000000000000000e+01
1.150000000000000000e+02 1.080000000000000000e+02
8.900000000000000000e+01 9.600000000000000000e+01
1.180000000000000000e+02 8.400000000000000000e+01
9.200000000000000000e+01 1.010000000000000000e+02
9.400000000000000000e+01 1.060000000000000000e+02
