9.600000000000000000e+01 9.400000000000000000e+01
9.100000000000000000e+01 7.900000000000000000e+01
1.020000000000000000e+02 5.800000000000000000e+01
9.800000000000000000e+01 8.700000000000000000e+01
8.500000000000000000e+01 7.800000000000000000e+01
8.300000000000000000e+01 4.900000000000000000e+01
8.400000000000000000e+01 7.200000000000000000e+01
1.100000000000000000e+02 6.800000000000000000e+01
8.500000000000000000e+01 9.100000000000000000e+01
9.800000000000000000e+01 6.400000000000000000e+01
1.110000000000000000e+02 9.400000000000000000e+01
9.000000000000000000e+01 5.800000000000000000e+01
1.000000000000000000e+02 9.000000000000000000e+01
9.300000000000000000e+01 7.700000000000000000e+01
8.700000000000000000e+01 5.800000000000000000e+01
1.050000000000000000e+02 5.600000000000000000e+01
9.000000000000000000e+01 8.200000000000000000e+01
9.100000000000000000e+01 6.500000000000000000e+01
9.300000000000000000e+01 8.800000000000000000e+01
8.400000000000000000e+01 6.600000000000000000e+01
1.020000000000000000e+02 5.600000000000000000e+01
1.080000000000000000e+02 8.000000000000000000e+01
8.600000000000000000e+01 5.900000000000000000e+01
1.050000000000000000e+02 6.800000000000000000e+01
9.700000000000000000e+01 9.200000000000000000e+01
8.700000000000000000e+01 9.600000000000000000e+01
