9.300000000000000000e+01 2.700000000000000000e+01
1.000000000000000000e+02 1.900000000000000000e+01
1.030000000000000000e+02 3.400000000000000000e+01
9.900000000000000000e+01 3.700000000000000000e+01
1.210000000000000000e+02 3.300000000000000000e+01
1.090000000000000000e+02 3.800000000000000000e+01
1.230000000000000000e+02 1.400000000000000000e+01
1.060000000000000000e+02 1.300000000000000000e+01
9.300000000000000000e+01 3.900000000000000000e+01
1.000000000000000000e+02 4.000000000000000000e+01
1.250000000000000000e+02 2.800000000000000000e+01
1.150000000000000000e+02 2.600000000000000000e+01
9.800000000000000000e+01 1.800000000000000000e+01
9.800000000000000000e+01 2.400000000000000000e+01
1.000000000000000000e+02 4.600000000000000000e+01
1.220000000000000000e+02 2.900000000000000000e+01
9.500000000000000000e+01 3.900000000000000000e+01
9.200000000000000000e+01 3.100000000000000000e+01
9.700000000000000000e+01 1.300000000000000000e+01
1.130000000000000000e+02 2.100000000000000000e+01
9.200000000000000000e+01 2.300000000000000000e+01
1.190000000000000000e+02 2.900000000000000000e+01
1.010000000000000000e+02 1.700000000000000000e+01
9.500000000000000000e+01 2.500000000000000000e+01
1.210000000000000000e+02 4.800000000000000000e+01
8.700000000000000000e+01 1.700000000000000000e+01
