3.300000000000000000e+01 1.070000000000000000e+02
4.500000000000000000e+01 1.070000000000000000e+02
3.400000000000000000e+01 8.300000000000000000e+01
2.900000000000000000e+01 1.060000000000000000e+02
1.700000000000000000e+01 9.600000000000000000e+01
3.200000000000000000e+01 9.800000000000000000e+01
2.100000000000000000e+01 1.020000000000000000e+02
2.300000000000000000e+01 8.300000000000000000e+01
2.800000000000000000e+01 9.700000000000000000e+01
2.100000000000000000e+01 9.900000000000000000e+01
4.100000000000000000e+01 8.200000000000000000e+01
4.000000000000000000e+01 1.160000000000000000e+02
4.600000000000000000e+01 9.000000000000000000e+01
3.800000000000000000e+01 1.030000000000000000e+02
4.200000000000000000e+01 1.100000000000000000e+02
3.300000000000000000e+01 1.030000000000000000e+02
3.100000000000000000e+01 7.700000000000000000e+01
3.800000000000000000e+01 9.700000000000000000e+01
2.200000000000000000e+01 1.110000000000000000e+02
4.200000000000000000e+01 1.050000000000000000e+02
1.700000000000000000e+01 7.700000000000000000e+01
4.700000000000000000e+01 1.010000000000000000e+02
1.600000000000000000e+01 9.500000000000000000e+01
3.300000000000000000e+01 9.900000000000000000e+01
