8.800000000000000000e+01 8.100000000000000000e+01
7.900000000000000000e+01 8.700000000000000000e+01
8.900000000000000000e+01 1.040000000000000000e+02
8.900000000000000000e+01 9.200000000000000000e+01
6.900000000000000000e+01 1.080000000000000000e+02
7.100000000000000000e+01 8.800000000000000000e+01
6.400000000000000000e+01 1.070000000000000000e+02
8.100000000000000000e+01 8.000000000000000000e+01
7.800000000000000000e+01 9.000000000000000000e+01
8.900000000000000000e+01 8.900000000000000000e+01
7.400000000000000000e+01 1.040000000000000000e+02
6.000000000000000000e+01 1.040000000000000000e+02
9.000000000000000000e+01 8.800000000000000000e+01
8.900000000000000000e+01 7.600000000000000000e+01
7.900000000000000000e+01 9.400000000000000000e+01
8.200000000000000000e+01 1.020000000000000000e+02
7.100000000000000000e+01 8.600000000000000000e+01
7.700000000000000000e+01 1.110000000000000000e+02
7.500000000000000000e+01 7.800000000000000000e+01
9.000000000000000000e+01 8.000000000000000000e+01
