5.700000000000000000e+01 9.000000000000000000e+01
5.800000000000000000e+01 6.200000000000000000e+01
5.700000000000000000e+01 6.100000000000000000e+01
9.000000000000000000e+01 8.800000000000000000e+01
7.400000000000000000e+01 8.900000000000000000e+01
9.700000000000000000e+01 6.000000000000000000e+01
6.100000000000000000e+01 7.200000000000000000e+01
7.600000000000000000e+01 6.700000000000000000e+01
9.300000000000000000e+01 6.900000000000000000e+01
9.500000000000000000e+01 9.800000000000000000e+01
8.100000000000000000e+01 7.500000000000000000e+01
6.100000000000000000e+01 6.700000000000000000e+01
9.900000000000000000e+01 6.600000000000000000e+01
8.600000000000000000e+01 7.800000000000000000e+01
6.100000000000000000e+01 9.800000000000000000e+01
6.000000000000000000e+01 8.700000000000000000e+01
1.030000000000000000e+02 8.800000000000000000e+01
7.200000000000000000e+01 5.700000000000000000e+01
8.400000000000000000e+01 8.900000000000000000e+01
7.400000000000000000e+01 8.600000000000000000e+01
8.400000000000000000e+01 5.500000000000000000e+01
1.010000000000000000e+02 7.200000000000000000e+01
7.500000000000000000e+01 9.500000000000000000e+01
8.000000000000000000e+01 7.600000000000000000e+01
