9.800000000000000000e+01 7.500000000000000000e+01
1.140000000000000000e+02 4.800000000000000000e+01
8.300000000000000000e+01 5.800000000000000000e+01
1.000000000000000000e+02 6.800000000000000000e+01
9.600000000000000000e+01 8.100000000000000000e+01
1.070000000000000000e+02 5.300000000000000000e+01
8.900000000000000000e+01 6.700000000000000000e+01
9.400000000000000000e+01 7.800000000000000000e+01
9.600000000000000000e+01 8.300000000000000000e+01
8.700000000000000000e+01 6.600000000000000000e+01
1.140000000000000000e+02 5.000000000000000000e+01
9.100000000000000000e+01 5.500000000000000000e+01
1.170000000000000000e+02 6.500000000000000000e+01
1.130000000000000000e+02 8.000000000000000000e+01
8.400000000000000000e+01 6.100000000000000000e+01
9.900000000000000000e+01 8.100000000000000000e+01
1.170000000000000000e+02 6.000000000000000000e+01
1.090000000000000000e+02 8.000000000000000000e+01
1.040000000000000000e+02 6.900000000000000000e+01
8.600000000000000000e+01 7.600000000000000000e+01
9.400000000000000000e+01 7.000000000000000000e+01
8.100000000000000000e+01 7.000000000000000000e+01
1.080000000000000000e+02 6.100000000000000000e+01
1.090000000000000000e+02 6.400000000000000000e+01
9.600000000000000000e+01 5.900000000000000000e+01
1.080000000000000000e+02 8.200000000000000000e+01
9.700000000000000000e+01 8.500000000000000000e+01
