8.700000000000000000e+01 5.800000000000000000e+01
8.000000000000000000e+01 8.000000000000000000e+01
1.080000000000000000e+02 6.800000000000000000e+01
1.110000000000000000e+02 5.300000000000000000e+01
1.210000000000000000e+02 8.600000000000000000e+01
1.080000000000000000e+02 6.500000000000000000e+01
9.700000000000000000e+01 7.000000000000000000e+01
9.900000000000000000e+01 7.300000000000000000e+01
1.180000000000000000e+02 9.000000000000000000e+01
1.070000000000000000e+02 8.100000000000000000e+01
9.400000000000000000e+01 8.900000000000000000e+01
1.160000000000000000e+02 7.300000000000000000e+01
1.170000000000000000e+02 8.600000000000000000e+01
1.150000000000000000e+02 5.400000000000000000e+01
1.020000000000000000e+02 8.800000000000000000e+01
1.130000000000000000e+02 6.700000000000000000e+01
1.220000000000000000e+02 6.000000000000000000e+01
9.300000000000000000e+01 9.000000000000000000e+01
1.150000000000000000e+02 8.800000000000000000e+01
7.800000000000000000e+01 6.500000000000000000e+01
8.800000000000000000e+01 6.200000000000000000e+01
1.110000000000000000e+02 8.000000000000000000e+01
9.900000000000000000e+01 6.500000000000000000e+01
1.040000000000000000e+02 7.200000000000000000e+01
1.030000000000000000e+02 7.600000000000000000e+01
