6.700000000000000000e+01 1.130000000000000000e+02
7.900000000000000000e+01 1.000000000000000000e+02
5.900000000000000000e+01 7.800000000000000000e+01
5.800000000000000000e+01 8.500000000000000000e+01
5.500000000000000000e+01 7.900000000000000000e+01
8.600000000000000000e+01 1.000000000000000000e+02
6.100000000000000000e+01 8.700000000000000000e+01
7.900000000000000000e+01 8.400000000000000000e+01
7.400000000000000000e+01 1.180000000000000000e+02
8.200000000000000000e+01 8.600000000000000000e+01
7.100000000000000000e+01 1.030000000000000000e+02
8.200000000000000000e+01 8.200000000000000000e+01
7.300000000000000000e+01 8.900000000000000000e+01
8.700000000000000000e+01 1.010000000000000000e+02
6.700000000000000000e+01 1.000000000000000000e+02
7.900000000000000000e+01 1.050000000000000000e+02
6.300000000000000000e+01 7.800000000000000000e+01
6.700000000000000000e+01 1.030000000000000000e+02
6.100000000000000000e+01 1.090000000000000000e+02
5.700000000000000000e+01 8.700000000000000000e+01
