8.600000000000000000e+01 2.400000000000000000e+01
7.400000000000000000e+01 3.900000000000000000e+01
7.200000000000000000e+01 2.200000000000000000e+01
9.800000000000000000e+01 5.000000000000000000e+01
7.800000000000000000e+01 5.500000000000000000e+01
8.300000000000000000e+01 5.600000000000000000e+01
9.400000000000000000e+01 4.400000000000000000e+01
7.200000000000000000e+01 4.200000000000000000e+01
1.050000000000000000e+02 3.300000000000000000e+01
1.040000000000000000e+02 5.800000000000000000e+01
7.800000000000000000e+01 4.900000000000000000e+01
1.060000000000000000e+02 2.400000000000000000e+01
1.050000000000000000e+02 2.800000000000000000e+01
1.030000000000000000e+02 4.800000000000000000e+01
7.900000000000000000e+01 2.700000000000000000e+01
9.300000000000000000e+01 5.500000000000000000e+01
1.020000000000000000e+02 4.600000000000000000e+01
1.080000000000000000e+02 4.500000000000000000e+01
7.200000000000000000e+01 3.800000000000000000e+01
7.900000000000000000e+01 6.100000000000000000e+01
8.100000000000000000e+01 6.100000000000000000e+01
8.700000000000000000e+01 2.800000000000000000e+01
6.600000000000000000e+01 3.600000000000000000e+01
