1.000000000000000000e+02 1.160000000000000000e+02
1.140000000000000000e+02 1.220000000000000000e+02
1.100000000000000000e+02 1.160000000000000000e+02
1.000000000000000000e+02 9.600000000000000000e+01
1.210000000000000000e+02 1.020000000000000000e+02
1.230000000000000000e+02 1.120000000000000000e+02
1.100000000000000000e+02 8.900000000000000000e+01
1.230000000000000000e+02 1.030000000000000000e+02
1.080000000000000000e+02 1.020000000000000000e+02
9.600000000000000000e+01 1.220000000000000000e+02
1.080000000000000000e+02 8.500000000000000000e+01
1.100000000000000000e+02 9.800000000000000000e+01
1.070000000000000000e+02 1.220000000000000000e+02
1.000000000000000000e+02 1.230000000000000000e+02
1.100000000000000000e+02 8.500000000000000000e+01
1.220000000000000000e+02 1.140000000000000000e+02
1.240000000000000000e+02 9.200000000000000000e+01
9.200000000000000000e+01 1.240000000000000000e+02
1.130000000000000000e+02 8.700000000000000000e+01
1.150000000000000000e+02 1.160000000000000000e+02
9.100000000000000000e+01 8.500000000000000000e+01
8.700000000000000000e+01 8.600000000000000000e+01
1.070000000000000000e+02 1.080000000000000000e+02
1.180000000000000000e+02 9.000000000000000000e+01
