2.700000000000000000e+01 9.900000000000000000e+01
3.400000000000000000e+01 1.030000000000000000e+02
2.200000000000000000e+01 1.000000000000000000e+02
1.700000000000000000e+01 9.600000000000000000e+01
1.200000000000000000e+01 9.900000000000000000e+01
2.000000000000000000e+01 1.010000000000000000e+02
1.200000000000000000e+01 1.020000000000000000e+02
2.000000000000000000e+01 1.030000000000000000e+02
3.300000000000000000e+01 9.800000000000000000e+01
3.100000000000000000e+01 9.100000000000000000e+01
4.100000000000000000e+01 9.100000000000000000e+01
4.000000000000000000e+01 9.000000000000000000e+01
2.600000000000000000e+01 1.110000000000000000e+02
3.300000000000000000e+01 1.070000000000000000e+02
2.500000000000000000e+01 1.090000000000000000e+02
3.900000000000000000e+01 9.800000000000000000e+01
2.700000000000000000e+01 8.500000000000000000e+01
2.300000000000000000e+01 9.900000000000000000e+01
3.800000000000000000e+01 8.600000000000000000e+01
3.300000000000000000e+01 1.020000000000000000e+02
3.000000000000000000e+01 8.400000000000000000e+01
