7.200000000000000000e+01 3.600000000000000000e+01
8.100000000000000000e+01 3.000000000000000000e+01
7.400000000000000000e+01 4.600000000000000000e+01
7.400000000000000000e+01 5.300000000000000000e+01
7.700000000000000000e+01 3.800000000000000000e+01
7.100000000000000000e+01 4.600000000000000000e+01
1.030000000000000000e+02 2.300000000000000000e+01
9.400000000000000000e+01 2.500000000000000000e+01
1.040000000000000000e+02 4.400000000000000000e+01
7.700000000000000000e+01 4.900000000000000000e+01
6.900000000000000000e+01 4.800000000000000000e+01
9.500000000000000000e+01 3.200000000000000000e+01
1.150000000000000000e+02 2.800000000000000000e+01
6.900000000000000000e+01 5.100000000000000000e+01
1.090000000000000000e+02 4.400000000000000000e+01
9.300000000000000000e+01 4.300000000000000000e+01
1.050000000000000000e+02 3.100000000000000000e+01
1.050000000000000000e+02 4.500000000000000000e+01
9.700000000000000000e+01 3.200000000000000000e+01
1.010000000000000000e+02 1.800000000000000000e+01
1.050000000000000000e+02 5.000000000000000000e+01
8.000000000000000000e+01 2.200000000000000000e+01
7.900000000000000000e+01 2.800000000000000000e+01
1.100000000000000000e+02 3.700000000000000000e+01
