6.100000000000000000e+01 3.200000000000000000e+01
6.200000000000000000e+01 5.000000000000000000e+01
6.100000000000000000e+01 3.400000000000000000e+01
7.400000000000000000e+01 4.300000000000000000e+01
8.600000000000000000e+01 5.300000000000000000e+01
9.000000000000000000e+01 3.100000000000000000e+01
6.100000000000000000e+01 4.900000000000000000e+01
8.500000000000000000e+01 4.400000000000000000e+01
7.900000000000000000e+01 4.400000000000000000e+01
7.900000000000000000e+01 4.000000000000000000e+01
8.800000000000000000e+01 4.100000000000000000e+01
6.200000000000000000e+01 5.600000000000000000e+01
1.010000000000000000e+02 3.800000000000000000e+01
7.900000000000000000e+01 5.500000000000000000e+01
9.800000000000000000e+01 3.200000000000000000e+01
6.700000000000000000e+01 4.400000000000000000e+01
8.300000000000000000e+01 4.400000000000000000e+01
6.600000000000000000e+01 3.500000000000000000e+01
6.300000000000000000e+01 3.000000000000000000e+01
9.400000000000000000e+01 2.700000000000000000e+01
8.500000000000000000e+01 3.500000000000000000e+01
1.010000000000000000e+02 4.300000000000000000e+01
1.070000000000000000e+02 4.300000000000000000e+01
8.600000000000000000e+01 3.700000000000000000e+01
7.200000000000000000e+01 3.900000000000000000e+01
7.000000000000000000e+01 2.900000000000000000e+01
8.000000000000000000e+01 3.000000000000000000e+01
9.400000000000000000e+01 3.500000000000000000e+01
8.300000000000000000e+01 3.200000000000000000e+01
