4.400000000000000000e+01 9.600000000000000000e+01
3.300000000000000000e+01 8.100000000000000000e+01
3.800000000000000000e+01 8.600000000000000000e+01
4.800000000000000000e+01 8.400000000000000000e+01
5.100000000000000000e+01 9.000000000000000000e+01
3.400000000000000000e+01 8.300000000000000000e+01
4.900000000000000000e+01 8.500000000000000000e+01
4.300000000000000000e+01 8.700000000000000000e+01
3.200000000000000000e+01 6.600000000000000000e+01
3.400000000000000000e+01 6.400000000000000000e+01
4.600000000000000000e+01 8.900000000000000000e+01
4.800000000000000000e+01 8.600000000000000000e+01
5.100000000000000000e+01 6.200000000000000000e+01
2.900000000000000000e+01 6.100000000000000000e+01
4.400000000000000000e+01 6.500000000000000000e+01
4.800000000000000000e+01 7.900000000000000000e+01
3.700000000000000000e+01 5.900000000000000000e+01
4.000000000000000000e+01 6.800000000000000000e+01
2.800000000000000000e+01 9.700000000000000000e+01
4.800000000000000000e+01 5.800000000000000000e+01
4.600000000000000000e+01 9.700000000000000000e+01
4.500000000000000000e+01 8.800000000000000000e+01
3.900000000000000000e+01 9.500000000000000000e+01
2.900000000000000000e+01 9.100000000000000000e+01
4.600000000000000000e+01 9.300000000000000000e+01
3.400000000000000000e+01 8.500000000000000000e+01
4.400000000000000000e+01 9.100000000000000000e+01
