6.600000000000000000e+01 9.900000000000000000e+01
5.700000000000000000e+01 8.200000000000000000e+01
6.700000000000000000e+01 1.200000000000000000e+02
4.000000000000000000e+01 1.170000000000000000e+02
6.800000000000000000e+01 7.700000000000000000e+01
5.000000000000000000e+01 1.200000000000000000e+02
6.100000000000000000e+01 9.900000000000000000e+01
4.700000000000000000e+01 7.900000000000000000e+01
3.800000000000000000e+01 8.600000000000000000e+01
4.000000000000000000e+01 8.400000000000000000e+01
6.700000000000000000e+01 8.700000000000000000e+01
3.900000000000000000e+01 1.150000000000000000e+02
4.600000000000000000e+01 8.300000000000000000e+01
5.600000000000000000e+01 1.090000000000000000e+02
3.500000000000000000e+01 8.200000000000000000e+01
4.400000000000000000e+01 7.900000000000000000e+01
5.400000000000000000e+01 7.900000000000000000e+01
3.100000000000000000e+01 9.400000000000000000e+01
3.400000000000000000e+01 1.020000000000000000e+02
5.100000000000000000e+01 1.070000000000000000e+02
3.100000000000000000e+01 1.010000000000000000e+02
4.800000000000000000e+01 8.900000000000000000e+01
5.600000000000000000e+01 1.160000000000000000e+02
4.400000000000000000e+01 1.200000000000000000e+02
4.200000000000000000e+01 8.500000000000000000e+01
6.300000000000000000e+01 9.200000000000000000e+01
5.200000000000000000e+01 1.190000000000000000e+02
