5.100000000000000000e+01 1.150000000000000000e+02
6.100000000000000000e+01 9.700000000000000000e+01
5.000000000000000000e+01 1.170000000000000000e+02
6.200000000000000000e+01 1.110000000000000000e+02
6.400000000000000000e+01 1.270000000000000000e+02
5.600000000000000000e+01 9.000000000000000000e+01
6.500000000000000000e+01 1.170000000000000000e+02
5.900000000000000000e+01 1.220000000000000000e+02
4.700000000000000000e+01 1.030000000000000000e+02
6.800000000000000000e+01 9.900000000000000000e+01
4.700000000000000000e+01 9.700000000000000000e+01
6.600000000000000000e+01 1.230000000000000000e+02
4.800000000000000000e+01 1.230000000000000000e+02
6.700000000000000000e+01 1.220000000000000000e+02
4.900000000000000000e+01 1.090000000000000000e+02
6.300000000000000000e+01 1.130000000000000000e+02
5.000000000000000000e+01 1.220000000000000000e+02
6.800000000000000000e+01 1.030000000000000000e+02
6.800000000000000000e+01 9.600000000000000000e+01
4.300000000000000000e+01 1.070000000000000000e+02
6.200000000000000000e+01 1.180000000000000000e+02
5.300000000000000000e+01 9.800000000000000000e+01
6.600000000000000000e+01 9.000000000000000000e+01
4.700000000000000000e+01 1.190000000000000000e+02
4.400000000000000000e+01 9.100000000000000000e+01
5.800000000000000000e+01 1.040000000000000000e+02
6.900000000000000000e+01 1.160000000000000000e+02
6.000000000000000000e+01 9.800000000000000000e+01
5.300000000000000000e+01 1.050000000000000000e+02
