1.020000000000000000e+02 6.300000000000000000e+01
7.800000000000000000e+01 5.700000000000000000e+01
9.600000000000000000e+01 7.400000000000000000e+01
9.500000000000000000e+01 6.200000000000000000e+01
8.300000000000000000e+01 4.200000000000000000e+01
1.060000000000000000e+02 5.600000000000000000e+01
1.140000000000000000e+02 5.100000000000000000e+01
9.000000000000000000e+01 6.500000000000000000e+01
1.050000000000000000e+02 6.200000000000000000e+01
8.200000000000000000e+01 5.600000000000000000e+01
9.600000000000000000e+01 7.200000000000000000e+01
1.060000000000000000e+02 4.700000000000000000e+01
7.800000000000000000e+01 6.500000000000000000e+01
1.070000000000000000e+02 4.200000000000000000e+01
1.020000000000000000e+02 7.200000000000000000e+01
9.400000000000000000e+01 8.300000000000000000e+01
1.010000000000000000e+02 4.200000000000000000e+01
9.500000000000000000e+01 8.000000000000000000e+01
1.080000000000000000e+02 7.100000000000000000e+01
1.020000000000000000e+02 6.800000000000000000e+01
8.800000000000000000e+01 6.700000000000000000e+01
