9.400000000000000000e+01 7.900000000000000000e+01
1.070000000000000000e+02 7.200000000000000000e+01
8.700000000000000000e+01 6.100000000000000000e+01
1.030000000000000000e+02 8.500000000000000000e+01
8.800000000000000000e+01 5.200000000000000000e+01
9.000000000000000000e+01 7.500000000000000000e+01
9.800000000000000000e+01 4.400000000000000000e+01
1.000000000000000000e+02 5.100000000000000000e+01
1.110000000000000000e+02 5.500000000000000000e+01
8.100000000000000000e+01 6.800000000000000000e+01
1.130000000000000000e+02 5.800000000000000000e+01
1.090000000000000000e+02 6.400000000000000000e+01
1.010000000000000000e+02 8.400000000000000000e+01
1.120000000000000000e+02 4.300000000000000000e+01
1.080000000000000000e+02 6.200000000000000000e+01
1.170000000000000000e+02 5.100000000000000000e+01
9.000000000000000000e+01 4.500000000000000000e+01
9.700000000000000000e+01 4.600000000000000000e+01
1.050000000000000000e+02 7.700000000000000000e+01
1.070000000000000000e+02 7.500000000000000000e+01
9.700000000000000000e+01 7.800000000000000000e+01
1.050000000000000000e+02 4.800000000000000000e+01
