5.600000000000000000e+01 2.300000000000000000e+01
6.400000000000000000e+01 2.400000000000000000e+01
8.300000000000000000e+01 6.300000000000000000e+01
9.300000000000000000e+01 3.800000000000000000e+01
8.700000000000000000e+01 3.400000000000000000e+01
6.400000000000000000e+01 2.200000000000000000e+01
9.200000000000000000e+01 1.900000000000000000e+01
8.900000000000000000e+01 6.200000000000000000e+01
5.800000000000000000e+01 4.200000000000000000e+01
7.200000000000000000e+01 4.200000000000000000e+01
6.200000000000000000e+01 6.100000000000000000e+01
7.200000000000000000e+01 5.800000000000000000e+01
9.100000000000000000e+01 4.000000000000000000e+01
9.200000000000000000e+01 2.300000000000000000e+01
7.000000000000000000e+01 4.400000000000000000e+01
8.800000000000000000e+01 1.800000000000000000e+01
5.600000000000000000e+01 2.100000000000000000e+01
8.400000000000000000e+01 4.200000000000000000e+01
9.100000000000000000e+01 5.700000000000000000e+01
5.900000000000000000e+01 3.000000000000000000e+01
