7.200000000000000000e+01 1.120000000000000000e+02
7.000000000000000000e+01 1.190000000000000000e+02
9.000000000000000000e+01 1.060000000000000000e+02
1.010000000000000000e+02 9.300000000000000000e+01
1.010000000000000000e+02 1.080000000000000000e+02
9.400000000000000000e+01 1.040000000000000000e+02
9.700000000000000000e+01 1.090000000000000000e+02
6.400000000000000000e+01 1.060000000000000000e+02
7.000000000000000000e+01 1.170000000000000000e+02
6.600000000000000000e+01 9.300000000000000000e+01
5.900000000000000000e+01 1.000000000000000000e+02
8.300000000000000000e+01 1.040000000000000000e+02
1.000000000000000000e+02 9.600000000000000000e+01
7.800000000000000000e+01 1.150000000000000000e+02
8.400000000000000000e+01 1.070000000000000000e+02
7.000000000000000000e+01 1.010000000000000000e+02
8.600000000000000000e+01 8.800000000000000000e+01
5.800000000000000000e+01 8.700000000000000000e+01
7.900000000000000000e+01 8.300000000000000000e+01
8.700000000000000000e+01 8.600000000000000000e+01
6.900000000000000000e+01 9.900000000000000000e+01
