6.600000000000000000e+01 1.110000000000000000e+02
3.700000000000000000e+01 1.090000000000000000e+02
6.600000000000000000e+01 9.200000000000000000e+01
6.500000000000000000e+01 9.400000000000000000e+01
6.100000000000000000e+01 9.100000000000000000e+01
5.100000000000000000e+01 9.800000000000000000e+01
5.600000000000000000e+01 9.200000000000000000e+01
5.300000000000000000e+01 8.700000000000000000e+01
4.900000000000000000e+01 1.020000000000000000e+02
6.100000000000000000e+01 1.100000000000000000e+02
3.800000000000000000e+01 1.060000000000000000e+02
5.600000000000000000e+01 1.090000000000000000e+02
5.300000000000000000e+01 9.000000000000000000e+01
5.500000000000000000e+01 1.070000000000000000e+02
4.300000000000000000e+01 1.160000000000000000e+02
5.000000000000000000e+01 1.130000000000000000e+02
5.600000000000000000e+01 1.060000000000000000e+02
5.300000000000000000e+01 1.070000000000000000e+02
6.200000000000000000e+01 1.110000000000000000e+02
5.600000000000000000e+01 8.700000000000000000e+01
