4.800000000000000000e+01 1.070000000000000000e+02
1.900000000000000000e+01 1.150000000000000000e+02
4.800000000000000000e+01 1.200000000000000000e+02
2.700000000000000000e+01 8.600000000000000000e+01
3.200000000000000000e+01 1.130000000000000000e+02
3.300000000000000000e+01 1.200000000000000000e+02
5.000000000000000000e+01 1.210000000000000000e+02
2.900000000000000000e+01 1.060000000000000000e+02
3.000000000000000000e+01 1.020000000000000000e+02
4.300000000000000000e+01 1.080000000000000000e+02
2.900000000000000000e+01 1.230000000000000000e+02
3.100000000000000000e+01 1.190000000000000000e+02
3.700000000000000000e+01 1.260000000000000000e+02
3.300000000000000000e+01 1.060000000000000000e+02
2.400000000000000000e+01 1.070000000000000000e+02
3.800000000000000000e+01 1.130000000000000000e+02
3.200000000000000000e+01 9.700000000000000000e+01
2.300000000000000000e+01 1.240000000000000000e+02
2.900000000000000000e+01 8.600000000000000000e+01
2.300000000000000000e+01 9.100000000000000000e+01
2.700000000000000000e+01 1.040000000000000000e+02
4.900000000000000000e+01 1.060000000000000000e+02
2.100000000000000000e+01 9.500000000000000000e+01
3.300000000000000000e+01 1.180000000000000000e+02
2.800000000000000000e+01 1.020000000000000000e+02
2.300000000000000000e+01 9.700000000000000000e+01
