1.120000000000000000e+02 7.400000000000000000e+01
9.800000000000000000e+01 8.700000000000000000e+01
1.090000000000000000e+02 7.400000000000000000e+01
8.100000000000000000e+01 9.200000000000000000e+01
7.400000000000000000e+01 9.700000000000000000e+01
9.900000000000000000e+01 9.400000000000000000e+01
1.000000000000000000e+02 6.500000000000000000e+01
8.600000000000000000e+01 7.800000000000000000e+01
1.170000000000000000e+02 6.200000000000000000e+01
9.600000000000000000e+01 6.900000000000000000e+01
1.080000000000000000e+02 9.000000000000000000e+01
9.200000000000000000e+01 6.300000000000000000e+01
7.600000000000000000e+01 6.300000000000000000e+01
8.500000000000000000e+01 8.100000000000000000e+01
1.130000000000000000e+02 5.900000000000000000e+01
1.170000000000000000e+02 8.500000000000000000e+01
1.070000000000000000e+02 9.900000000000000000e+01
9.200000000000000000e+01 7.800000000000000000e+01
1.040000000000000000e+02 7.700000000000000000e+01
8.600000000000000000e+01 5.800000000000000000e+01
8.600000000000000000e+01 8.900000000000000000e+01
1.020000000000000000e+02 9.000000000000000000e+01
9.600000000000000000e+01 6.400000000000000000e+01
1.010000000000000000e+02 6.700000000000000000e+01
7.400000000000000000e+01 9.500000000000000000e+01
9.200000000000000000e+01 7.300000000000000000e+01
1.070000000000000000e+02 9.700000000000000000e+01
