1.060000000000000000e+02 7.300000000000000000e+01
1.040000000000000000e+02 8.000000000000000000e+01
1.000000000000000000e+02 7.900000000000000000e+01
1.210000000000000000e+02 6.000000000000000000e+01
9.900000000000000000e+01 4.500000000000000000e+01
1.000000000000000000e+02 5.200000000000000000e+01
9.500000000000000000e+01 5.500000000000000000e+01
1.100000000000000000e+02 6.000000000000000000e+01
1.070000000000000000e+02 7.500000000000000000e+01
1.170000000000000000e+02 6.600000000000000000e+01
1.000000000000000000e+02 5.900000000000000000e+01
8.400000000000000000e+01 6.100000000000000000e+01
9.800000000000000000e+01 5.200000000000000000e+01
1.160000000000000000e+02 7.000000000000000000e+01
1.230000000000000000e+02 5.800000000000000000e+01
9.900000000000000000e+01 6.300000000000000000e+01
9.600000000000000000e+01 6.400000000000000000e+01
1.200000000000000000e+02 7.100000000000000000e+01
9.000000000000000000e+01 7.300000000000000000e+01
1.150000000000000000e+02 7.300000000000000000e+01
9.400000000000000000e+01 6.700000000000000000e+01
1.090000000000000000e+02 4.900000000000000000e+01
1.210000000000000000e+02 5.800000000000000000e+01
1.110000000000000000e+02 7.800000000000000000e+01
1.110000000000000000e+02 5.100000000000000000e+01
1.130000000000000000e+02 5.900000000000000000e+01
9.500000000000000000e+01 7.300000000000000000e+01
1.150000000000000000e+02 7.900000000000000000e+01
8.900000000000000000e+01 6.400000000000000000e+01
