9.000000000000000000e+01 8.400000000000000000e+01
9.200000000000000000e+01 9.900000000000000000e+01
4.700000000000000000e+01 1.130000000000000000e+02
9.200000000000000000e+01 1.150000000000000000e+02
6.900000000000000000e+01 1.220000000000000000e+02
6.100000000000000000e+01 7.900000000000000000e+01
8.100000000000000000e+01 1.120000000000000000e+02
9.100000000000000000e+01 1.070000000000000000e+02
7.500000000000000000e+01 9.800000000000000000e+01
9.000000000000000000e+01 9.200000000000000000e+01
7.000000000000000000e+01 9.500000000000000000e+01
6.400000000000000000e+01 1.120000000000000000e+02
6.500000000000000000e+01 8.500000000000000000e+01
6.400000000000000000e+01 7.900000000000000000e+01
5.200000000000000000e+01 8.000000000000000000e+01
8.100000000000000000e+01 8.400000000000000000e+01
8.400000000000000000e+01 8.400000000000000000e+01
6.200000000000000000e+01 1.060000000000000000e+02
6.400000000000000000e+01 9.200000000000000000e+01
6.300000000000000000e+01 1.200000000000000000e+02
7.100000000000000000e+01 1.080000000000000000e+02
