9.700000000000000000e+01 6.600000000000000000e+01
7.700000000000000000e+01 7.300000000000000000e+01
1.020000000000000000e+02 4.600000000000000000e+01
8.300000000000000000e+01 6.700000000000000000e+01
1.040000000000000000e+02 6.200000000000000000e+01
1.030000000000000000e+02 5.700000000000000000e+01
9.900000000000000000e+01 6.500000000000000000e+01
8.400000000000000000e+01 7.300000000000000000e+01
7.800000000000000000e+01 6.200000000000000000e+01
8.300000000000000000e+01 6.100000000000000000e+01
9.500000000000000000e+01 3.400000000000000000e+01
7.600000000000000000e+01 5.000000000000000000e+01
7.500000000000000000e+01 5.500000000000000000e+01
9.900000000000000000e+01 3.400000000000000000e+01
1.080000000000000000e+02 6.800000000000000000e+01
1.080000000000000000e+02 5.000000000000000000e+01
1.140000000000000000e+02 4.100000000000000000e+01
8.600000000000000000e+01 3.200000000000000000e+01
9.200000000000000000e+01 6.700000000000000000e+01
8.500000000000000000e+01 4.200000000000000000e+01
8.200000000000000000e+01 5.400000000000000000e+01
8.700000000000000000e+01 4.300000000000000000e+01
