1.160000000000000000e+02 3.800000000000000000e+01
9.300000000000000000e+01 4.800000000000000000e+01
8.700000000000000000e+01 4.000000000000000000e+01
9.200000000000000000e+01 4.600000000000000000e+01
1.190000000000000000e+02 3.900000000000000000e+01
1.140000000000000000e+02 3.900000000000000000e+01
1.080000000000000000e+02 2.700000000000000000e+01
9.700000000000000000e+01 5.700000000000000000e+01
1.060000000000000000e+02 5.100000000000000000e+01
1.010000000000000000e+02 4.100000000000000000e+01
1.170000000000000000e+02 2.400000000000000000e+01
1.040000000000000000e+02 5.800000000000000000e+01
1.010000000000000000e+02 2.900000000000000000e+01
1.170000000000000000e+02 3.100000000000000000e+01
1.100000000000000000e+02 4.300000000000000000e+01
1.220000000000000000e+02 4.600000000000000000e+01
1.170000000000000000e+02 2.200000000000000000e+01
1.240000000000000000e+02 2.500000000000000000e+01
9.200000000000000000e+01 5.800000000000000000e+01
7.700000000000000000e+01 5.400000000000000000e+01
8.900000000000000000e+01 5.300000000000000000e+01
