4.300000000000000000e+01 1.080000000000000000e+02
3.300000000000000000e+01 9.700000000000000000e+01
4.400000000000000000e+01 1.210000000000000000e+02
5.800000000000000000e+01 1.170000000000000000e+02
6.200000000000000000e+01 1.130000000000000000e+02
3.300000000000000000e+01 1.160000000000000000e+02
3.200000000000000000e+01 1.180000000000000000e+02
3.800000000000000000e+01 9.300000000000000000e+01
4.800000000000000000e+01 8.300000000000000000e+01
5.900000000000000000e+01 9.700000000000000000e+01
5.500000000000000000e+01 1.100000000000000000e+02
5.200000000000000000e+01 1.030000000000000000e+02
5.100000000000000000e+01 9.000000000000000000e+01
5.300000000000000000e+01 1.200000000000000000e+02
5.600000000000000000e+01 1.110000000000000000e+02
5.600000000000000000e+01 8.100000000000000000e+01
3.200000000000000000e+01 9.500000000000000000e+01
5.300000000000000000e+01 1.220000000000000000e+02
5.300000000000000000e+01 1.010000000000000000e+02
6.000000000000000000e+01 9.600000000000000000e+01
4.900000000000000000e+01 8.100000000000000000e+01
3.200000000000000000e+01 9.300000000000000000e+01
4.000000000000000000e+01 1.000000000000000000e+02
5.500000000000000000e+01 9.200000000000000000e+01
2.900000000000000000e+01 1.020000000000000000e+02
6.200000000000000000e+01 9.700000000000000000e+01
3.500000000000000000e+01 1.130000000000000000e+02
6.200000000000000000e+01 1.010000000000000000e+02
