7.500000000000000000e+01 1.070000000000000000e+02
9.400000000000000000e+01 9.400000000000000000e+01
9.300000000000000000e+01 1.110000000000000000e+02
8.700000000000000000e+01 8.800000000000000000e+01
8.800000000000000000e+01 1.160000000000000000e+02
7.300000000000000000e+01 1.000000000000000000e+02
6.900000000000000000e+01 9.400000000000000000e+01
6.500000000000000000e+01 1.190000000000000000e+02
8.900000000000000000e+01 8.800000000000000000e+01
8.700000000000000000e+01 9.000000000000000000e+01
8.000000000000000000e+01 9.600000000000000000e+01
5.900000000000000000e+01 1.190000000000000000e+02
7.300000000000000000e+01 9.300000000000000000e+01
6.500000000000000000e+01 1.080000000000000000e+02
8.000000000000000000e+01 1.040000000000000000e+02
7.800000000000000000e+01 1.090000000000000000e+02
6.300000000000000000e+01 9.100000000000000000e+01
9.500000000000000000e+01 1.060000000000000000e+02
8.000000000000000000e+01 1.140000000000000000e+02
7.700000000000000000e+01 9.400000000000000000e+01
8.100000000000000000e+01 1.020000000000000000e+02
8.700000000000000000e+01 1.180000000000000000e+02
9.000000000000000000e+01 9.800000000000000000e+01
9.200000000000000000e+01 1.010000000000000000e+02
7.600000000000000000e+01 1.180000000000000000e+02
