7.800000000000000000e+01 1.050000000000000000e+02
8.400000000000000000e+01 1.170000000000000000e+02
5.400000000000000000e+01 9.700000000000000000e+01
7.800000000000000000e+01 1.000000000000000000e+02
8.000000000000000000e+01 1.190000000000000000e+02
5.300000000000000000e+01 1.140000000000000000e+02
6.400000000000000000e+01 9.600000000000000000e+01
7.300000000000000000e+01 1.130000000000000000e+02
8.400000000000000000e+01 1.090000000000000000e+02
7.000000000000000000e+01 1.150000000000000000e+02
6.100000000000000000e+01 9.600000000000000000e+01
8.600000000000000000e+01 1.090000000000000000e+02
6.000000000000000000e+01 1.260000000000000000e+02
5.700000000000000000e+01 1.090000000000000000e+02
8.200000000000000000e+01 1.010000000000000000e+02
6.000000000000000000e+01 8.900000000000000000e+01
6.800000000000000000e+01 1.060000000000000000e+02
5.200000000000000000e+01 1.120000000000000000e+02
8.300000000000000000e+01 1.260000000000000000e+02
5.700000000000000000e+01 1.140000000000000000e+02
