7.800000000000000000e+01 2.400000000000000000e+01
7.900000000000000000e+01 2.100000000000000000e+01
5.800000000000000000e+01 3.400000000000000000e+01
6.100000000000000000e+01 3.300000000000000000e+01
7.700000000000000000e+01 1.700000000000000000e+01
5.800000000000000000e+01 1.700000000000000000e+01
5.500000000000000000e+01 2.200000000000000000e+01
5.100000000000000000e+01 1.400000000000000000e+01
7.400000000000000000e+01 3.500000000000000000e+01
5.300000000000000000e+01 1.800000000000000000e+01
5.800000000000000000e+01 3.900000000000000000e+01
7.500000000000000000e+01 2.800000000000000000e+01
6.100000000000000000e+01 3.600000000000000000e+01
6.600000000000000000e+01 3.900000000000000000e+01
7.500000000000000000e+01 2.500000000000000000e+01
5.500000000000000000e+01 4.100000000000000000e+01
5.600000000000000000e+01 1.700000000000000000e+01
6.600000000000000000e+01 2.300000000000000000e+01
5.600000000000000000e+01 3.300000000000000000e+01
5.700000000000000000e+01 3.000000000000000000e+01
7.200000000000000000e+01 3.400000000000000000e+01
7.300000000000000000e+01 2.900000000000000000e+01
8.400000000000000000e+01 2.400000000000000000e+01
7.800000000000000000e+01 1.200000000000000000e+01
8.000000000000000000e+01 1.600000000000000000e+01
6.400000000000000000e+01 2.000000000000000000e+01
