1.130000000000000000e+02 8.800000000000000000e+01
1.090000000000000000e+02 9.400000000000000000e+01
1.210000000000000000e+02 1.230000000000000000e+02
8.200000000000000000e+01 1.020000000000000000e+02
1.230000000000000000e+02 1.190000000000000000e+02
1.100000000000000000e+02 1.140000000000000000e+02
1.120000000000000000e+02 1.240000000000000000e+02
8.100000000000000000e+01 9.200000000000000000e+01
8.600000000000000000e+01 8.700000000000000000e+01
1.190000000000000000e+02 1.130000000000000000e+02
9.100000000000000000e+01 1.040000000000000000e+02
1.240000000000000000e+02 1.100000000000000000e+02
1.060000000000000000e+02 1.080000000000000000e+02
1.050000000000000000e+02 1.210000000000000000e+02
8.800000000000000000e+01 8.500000000000000000e+01
1.190000000000000000e+02 1.160000000000000000e+02
1.120000000000000000e+02 1.150000000000000000e+02
8.600000000000000000e+01 9.900000000000000000e+01
8.900000000000000000e+01 1.190000000000000000e+02
8.400000000000000000e+01 1.150000000000000000e+02
1.220000000000000000e+02 1.040000000000000000e+02
1.220000000000000000e+02 1.090000000000000000e+02
1.150000000000000000e+02 9.900000000000000000e+01
1.200000000000000000e+02 1.280000000000000000e+02
1.260000000000000000e+02 9.100000000000000000e+01
9.200000000000000000e+01 1.200000000000000000e+02
8.700000000000000000e+01 1.160000000000000000e+02
1.250000000000000000e+02 1.250000000000000000e+02
