7.800000000000000000e+01 7.500000000000000000e+01
9.000000000000000000e+01 7.600000000000000000e+01
9.700000000000000000e+01 9.000000000000000000e+01
9.300000000000000000e+01 6.200000000000000000e+01
1.000000000000000000e+02 7.600000000000000000e+01
1.010000000000000000e+02 8.000000000000000000e+01
1.080000000000000000e+02 6.800000000000000000e+01
8.100000000000000000e+01 7.500000000000000000e+01
9.500000000000000000e+01 8.100000000000000000e+01
7.300000000000000000e+01 7.200000000000000000e+01
1.040000000000000000e+02 5.900000000000000000e+01
8.700000000000000000e+01 8.300000000000000000e+01
1.020000000000000000e+02 8.800000000000000000e+01
9.600000000000000000e+01 5.900000000000000000e+01
9.100000000000000000e+01 6.100000000000000000e+01
9.700000000000000000e+01 7.100000000000000000e+01
7.400000000000000000e+01 6.400000000000000000e+01
8.100000000000000000e+01 6.700000000000000000e+01
8.300000000000000000e+01 9.000000000000000000e+01
9.100000000000000000e+01 6.800000000000000000e+01
