9.000000000000000000e+01 3.800000000000000000e+01
8.000000000000000000e+01 2.400000000000000000e+01
8.900000000000000000e+01 2.900000000000000000e+01
8.700000000000000000e+01 3.800000000000000000e+01
5.900000000000000000e+01 1.400000000000000000e+01
6.700000000000000000e+01 3.600000000000000000e+01
7.300000000000000000e+01 3.400000000000000000e+01
7.200000000000000000e+01 3.500000000000000000e+01
7.200000000000000000e+01 2.700000000000000000e+01
6.400000000000000000e+01 1.500000000000000000e+01
6.600000000000000000e+01 3.500000000000000000e+01
7.800000000000000000e+01 1.100000000000000000e+01
7.500000000000000000e+01 1.300000000000000000e+01
7.600000000000000000e+01 1.600000000000000000e+01
6.800000000000000000e+01 1.100000000000000000e+01
7.600000000000000000e+01 2.700000000000000000e+01
8.400000000000000000e+01 1.000000000000000000e+01
7.900000000000000000e+01 2.800000000000000000e+01
6.200000000000000000e+01 2.000000000000000000e+01
9.000000000000000000e+01 3.300000000000000000e+01
6.700000000000000000e+01 1.700000000000000000e+01
8.700000000000000000e+01 1.500000000000000000e+01
