1.130000000000000000e+02 2.200000000000000000e+01
1.160000000000000000e+02 3.200000000000000000e+01
8.900000000000000000e+01 4.700000000000000000e+01
1.200000000000000000e+02 2.200000000000000000e+01
1.250000000000000000e+02 4.500000000000000000e+01
1.250000000000000000e+02 3.100000000000000000e+01
9.800000000000000000e+01 2.200000000000000000e+01
1.010000000000000000e+02 5.400000000000000000e+01
1.160000000000000000e+02 4.300000000000000000e+01
9.800000000000000000e+01 2.700000000000000000e+01
9.800000000000000000e+01 3.100000000000000000e+01
1.090000000000000000e+02 5.600000000000000000e+01
9.600000000000000000e+01 4.800000000000000000e+01
9.600000000000000000e+01 4.400000000000000000e+01
9.200000000000000000e+01 5.100000000000000000e+01
1.200000000000000000e+02 3.400000000000000000e+01
1.220000000000000000e+02 3.100000000000000000e+01
1.140000000000000000e+02 4.400000000000000000e+01
1.070000000000000000e+02 2.100000000000000000e+01
1.180000000000000000e+02 3.000000000000000000e+01
1.140000000000000000e+02 5.300000000000000000e+01
8.900000000000000000e+01 1.900000000000000000e+01
1.210000000000000000e+02 2.800000000000000000e+01
9.000000000000000000e+01 4.200000000000000000e+01
9.600000000000000000e+01 1.500000000000000000e+01
1.070000000000000000e+02 2.700000000000000000e+01
1.200000000000000000e+02 5.500000000000000000e+01
1.070000000000000000e+02 3.000000000000000000e+01
1.010000000000000000e+02 4.700000000000000000e+01
