4.800000000000000000e+01 1.130000000000000000e+02
1.400000000000000000e+01 1.030000000000000000e+02
2.100000000000000000e+01 9.900000000000000000e+01
4.700000000000000000e+01 1.210000000000000000e+02
3.100000000000000000e+01 1.110000000000000000e+02
2.700000000000000000e+01 1.320000000000000000e+02
5.400000000000000000e+01 1.130000000000000000e+02
3.800000000000000000e+01 1.240000000000000000e+02
4.200000000000000000e+01 1.060000000000000000e+02
2.800000000000000000e+01 1.210000000000000000e+02
3.500000000000000000e+01 1.290000000000000000e+02
2.900000000000000000e+01 1.290000000000000000e+02
2.000000000000000000e+01 1.160000000000000000e+02
2.500000000000000000e+01 1.050000000000000000e+02
3.000000000000000000e+01 9.800000000000000000e+01
1.800000000000000000e+01 1.110000000000000000e+02
4.700000000000000000e+01 1.290000000000000000e+02
3.200000000000000000e+01 9.400000000000000000e+01
3.600000000000000000e+01 1.020000000000000000e+02
1.200000000000000000e+01 1.090000000000000000e+02
1.800000000000000000e+01 1.050000000000000000e+02
2.700000000000000000e+01 1.060000000000000000e+02
4.300000000000000000e+01 1.000000000000000000e+02
3.700000000000000000e+01 1.160000000000000000e+02
4.700000000000000000e+01 1.260000000000000000e+02
4.400000000000000000e+01 1.040000000000000000e+02
