1.160000000000000000e+02 7.900000000000000000e+01
1.010000000000000000e+02 5.900000000000000000e+01
7.800000000000000000e+01 5.400000000000000000e+01
9.500000000000000000e+01 6.500000000000000000e+01
7.900000000000000000e+01 7.800000000000000000e+01
8.000000000000000000e+01 6.200000000000000000e+01
1.140000000000000000e+02 4.900000000000000000e+01
8.500000000000000000e+01 5.000000000000000000e+01
1.050000000000000000e+02 6.400000000000000000e+01
8.400000000000000000e+01 7.900000000000000000e+01
8.700000000000000000e+01 6.900000000000000000e+01
9.600000000000000000e+01 5.400000000000000000e+01
9.800000000000000000e+01 6.300000000000000000e+01
1.090000000000000000e+02 6.700000000000000000e+01
1.040000000000000000e+02 5.900000000000000000e+01
1.060000000000000000e+02 7.600000000000000000e+01
1.150000000000000000e+02 6.100000000000000000e+01
1.140000000000000000e+02 6.500000000000000000e+01
1.100000000000000000e+02 5.300000000000000000e+01
8.900000000000000000e+01 6.500000000000000000e+01
