4.600000000000000000e+01 6.300000000000000000e+01
2.200000000000000000e+01 9.700000000000000000e+01
2.000000000000000000e+01 7.600000000000000000e+01
6.000000000000000000e+01 9.900000000000000000e+01
4.900000000000000000e+01 9.100000000000000000e+01
2.300000000000000000e+01 9.600000000000000000e+01
2.700000000000000000e+01 9.100000000000000000e+01
2.000000000000000000e+01 7.200000000000000000e+01
5.900000000000000000e+01 8.100000000000000000e+01
5.100000000000000000e+01 7.900000000000000000e+01
4.000000000000000000e+01 8.400000000000000000e+01
5.100000000000000000e+01 7.500000000000000000e+01
5.400000000000000000e+01 6.700000000000000000e+01
1.600000000000000000e+01 9.700000000000000000e+01
3.400000000000000000e+01 1.000000000000000000e+02
2.100000000000000000e+01 9.000000000000000000e+01
3.900000000000000000e+01 6.400000000000000000e+01
3.500000000000000000e+01 8.000000000000000000e+01
1.900000000000000000e+01 9.800000000000000000e+01
3.900000000000000000e+01 9.400000000000000000e+01
2.700000000000000000e+01 9.800000000000000000e+01
1.800000000000000000e+01 6.300000000000000000e+01
4.300000000000000000e+01 9.000000000000000000e+01
2.000000000000000000e+01 8.700000000000000000e+01
5.000000000000000000e+01 6.200000000000000000e+01
5.700000000000000000e+01 7.500000000000000000e+01
3.800000000000000000e+01 6.500000000000000000e+01
