7.300000000000000000e+01 3.600000000000000000e+01
8.200000000000000000e+01 4.800000000000000000e+01
8.800000000000000000e+01 3.600000000000000000e+01
6.700000000000000000e+01 5.000000000000000000e+01
9.100000000000000000e+01 3.300000000000000000e+01
1.050000000000000000e+02 6.700000000000000000e+01
9.100000000000000000e+01 2.700000000000000000e+01
7.900000000000000000e+01 5.100000000000000000e+01
7.300000000000000000e+01 2.600000000000000000e+01
9.000000000000000000e+01 4.700000000000000000e+01
9.400000000000000000e+01 3.500000000000000000e+01
1.040000000000000000e+02 5.400000000000000000e+01
7.100000000000000000e+01 6.900000000000000000e+01
6.600000000000000000e+01 4.900000000000000000e+01
9.800000000000000000e+01 2.700000000000000000e+01
9.200000000000000000e+01 5.100000000000000000e+01
8.900000000000000000e+01 3.300000000000000000e+01
7.200000000000000000e+01 2.300000000000000000e+01
7.600000000000000000e+01 4.200000000000000000e+01
7.100000000000000000e+01 3.500000000000000000e+01
8.000000000000000000e+01 2.300000000000000000e+01
9.000000000000000000e+01 5.900000000000000000e+01
