1.400000000000000000e+01 6.500000000000000000e+01
1.700000000000000000e+01 6.000000000000000000e+01
1.600000000000000000e+01 7.300000000000000000e+01
4.600000000000000000e+01 6.600000000000000000e+01
1.500000000000000000e+01 5.800000000000000000e+01
1.700000000000000000e+01 6.900000000000000000e+01
2.000000000000000000e+01 7.100000000000000000e+01
1.900000000000000000e+01 6.900000000000000000e+01
4.700000000000000000e+01 8.000000000000000000e+01
4.900000000000000000e+01 5.600000000000000000e+01
4.500000000000000000e+01 8.100000000000000000e+01
2.800000000000000000e+01 7.900000000000000000e+01
5.100000000000000000e+01 5.500000000000000000e+01
1.400000000000000000e+01 6.800000000000000000e+01
4.600000000000000000e+01 7.800000000000000000e+01
2.800000000000000000e+01 5.900000000000000000e+01
4.500000000000000000e+01 7.400000000000000000e+01
4.900000000000000000e+01 6.900000000000000000e+01
4.400000000000000000e+01 6.800000000000000000e+01
2.800000000000000000e+01 7.400000000000000000e+01
4.200000000000000000e+01 6.300000000000000000e+01
4.900000000000000000e+01 5.900000000000000000e+01
2.200000000000000000e+01 7.000000000000000000e+01
3.800000000000000000e+01 5.600000000000000000e+01
