3.800000000000000000e+01 1.100000000000000000e+02
1.900000000000000000e+01 1.190000000000000000e+02
4.200000000000000000e+01 9.700000000000000000e+01
2.400000000000000000e+01 9.500000000000000000e+01
3.600000000000000000e+01 9.100000000000000000e+01
4.100000000000000000e+01 1.130000000000000000e+02
1.800000000000000000e+01 1.100000000000000000e+02
1.900000000000000000e+01 9.700000000000000000e+01
4.700000000000000000e+01 1.080000000000000000e+02
3.400000000000000000e+01 9.700000000000000000e+01
2.700000000000000000e+01 1.080000000000000000e+02
2.800000000000000000e+01 1.030000000000000000e+02
4.400000000000000000e+01 9.400000000000000000e+01
2.800000000000000000e+01 1.200000000000000000e+02
3.900000000000000000e+01 9.800000000000000000e+01
3.100000000000000000e+01 9.500000000000000000e+01
3.900000000000000000e+01 9.200000000000000000e+01
1.800000000000000000e+01 8.500000000000000000e+01
1.700000000000000000e+01 1.210000000000000000e+02
4.300000000000000000e+01 1.130000000000000000e+02
2.000000000000000000e+01 9.100000000000000000e+01
4.300000000000000000e+01 9.000000000000000000e+01
