1.030000000000000000e+02 5.500000000000000000e+01
7.700000000000000000e+01 5.100000000000000000e+01
7.700000000000000000e+01 7.300000000000000000e+01
8.000000000000000000e+01 7.600000000000000000e+01
9.100000000000000000e+01 7.400000000000000000e+01
7.800000000000000000e+01 6.000000000000000000e+01
9.400000000000000000e+01 7.100000000000000000e+01
7.500000000000000000e+01 6.600000000000000000e+01
1.070000000000000000e+02 7.300000000000000000e+01
7.000000000000000000e+01 7.700000000000000000e+01
1.010000000000000000e+02 5.200000000000000000e+01
8.100000000000000000e+01 6.700000000000000000e+01
1.090000000000000000e+02 7.200000000000000000e+01
7.000000000000000000e+01 5.300000000000000000e+01
6.900000000000000000e+01 5.800000000000000000e+01
9.200000000000000000e+01 5.000000000000000000e+01
7.000000000000000000e+01 6.500000000000000000e+01
1.030000000000000000e+02 7.700000000000000000e+01
9.000000000000000000e+01 5.000000000000000000e+01
8.300000000000000000e+01 7.100000000000000000e+01
1.000000000000000000e+02 6.500000000000000000e+01
7.200000000000000000e+01 5.700000000000000000e+01
8.100000000000000000e+01 7.000000000000000000e+01
7.200000000000000000e+01 6.300000000000000000e+01
1.000000000000000000e+02 5.600000000000000000e+01
