7.300000000000000000e+01 5.400000000000000000e+01
6.900000000000000000e+01 2.800000000000000000e+01
8.800000000000000000e+01 2.500000000000000000e+01
7.700000000000000000e+01 4.500000000000000000e+01
8.500000000000000000e+01 2.700000000000000000e+01
1.140000000000000000e+02 3.600000000000000000e+01
1.150000000000000000e+02 2.700000000000000000e+01
1.120000000000000000e+02 1.800000000000000000e+01
7.400000000000000000e+01 1.500000000000000000e+01
1.110000000000000000e+02 3.500000000000000000e+01
1.100000000000000000e+02 4.800000000000000000e+01
1.040000000000000000e+02 5.100000000000000000e+01
8.600000000000000000e+01 2.000000000000000000e+01
8.700000000000000000e+01 3.200000000000000000e+01
9.800000000000000000e+01 1.800000000000000000e+01
9.000000000000000000e+01 3.600000000000000000e+01
1.030000000000000000e+02 5.400000000000000000e+01
9.800000000000000000e+01 1.600000000000000000e+01
9.600000000000000000e+01 1.500000000000000000e+01
1.080000000000000000e+02 3.300000000000000000e+01
9.600000000000000000e+01 2.800000000000000000e+01
