5.500000000000000000e+01 1.190000000000000000e+02
6.900000000000000000e+01 1.030000000000000000e+02
8.900000000000000000e+01 1.120000000000000000e+02
6.000000000000000000e+01 9.800000000000000000e+01
7.800000000000000000e+01 9.500000000000000000e+01
8.000000000000000000e+01 1.090000000000000000e+02
9.100000000000000000e+01 8.600000000000000000e+01
6.200000000000000000e+01 9.700000000000000000e+01
9.900000000000000000e+01 8.500000000000000000e+01
9.600000000000000000e+01 1.100000000000000000e+02
7.800000000000000000e+01 1.100000000000000000e+02
5.300000000000000000e+01 8.900000000000000000e+01
6.600000000000000000e+01 9.200000000000000000e+01
7.700000000000000000e+01 8.600000000000000000e+01
9.100000000000000000e+01 1.130000000000000000e+02
7.300000000000000000e+01 1.070000000000000000e+02
9.200000000000000000e+01 1.190000000000000000e+02
7.100000000000000000e+01 8.500000000000000000e+01
8.100000000000000000e+01 1.060000000000000000e+02
6.200000000000000000e+01 1.200000000000000000e+02
5.600000000000000000e+01 1.130000000000000000e+02
7.600000000000000000e+01 1.130000000000000000e+02
9.800000000000000000e+01 1.020000000000000000e+02
5.300000000000000000e+01 1.140000000000000000e+02
