0.000000000000000000e+00 2.500000000000000000e+01 2.012461179749810825e+01 1.788854381999831844e+01 7.211102550927978250e+00 1.000000000000000000e+01 1.526433752247374720e+01 7.000000000000000000e+00 1.649242250247064234e+01 1.838477631085023489e+01 2.280350850198275836e+01 1.204159457879229578e+01 5.830951894845300743e+00 1.555634918610404505e+01 2.009975124224177989e+01 7.810249675906653977e+00 1.800000000000000000e+01 1.204159457879229578e+01 8.602325267042626677e+00 2.280350850198275836e+01 9.219544457292887074e+00 7.615773105863908654e+00
2.500000000000000000e+01 0.000000000000000000e+00 6.324555320336759046e+00 1.204159457879229578e+01 1.835755975068581947e+01 2.692582403567251959e+01 3.959797974644666141e+01 1.984943324127920761e+01 1.941648783894759944e+01 3.306055050963308162e+01 4.738143096192853676e+01 1.923538406167134340e+01 2.507987240796890660e+01 4.045985664828781836e+01 1.300000000000000000e+01 2.785677655436823841e+01 2.022374841615668473e+01 2.683281572999747766e+01 2.624880949681337583e+01 2.906888370749726747e+01 2.469817807045693669e+01 2.220360331117451835e+01
2.012461179749810825e+01 6.324555320336759046e+00 0.000000000000000000e+00 1.220655561573370207e+01 1.431782106327635340e+01 2.080865204668481283e+01 3.405877273185280529e+01 1.421267040355189515e+01 1.315294643796590535e+01 3.125699921617556853e+01 4.186884283091664116e+01 1.726267650163206824e+01 2.137755832643194864e+01 3.522782990761707111e+01 7.280109889280518054e+00 2.433105012119287736e+01 2.012461179749810825e+01 2.059126028197400160e+01 2.308679276123039159e+01 2.300000000000000000e+01 1.860107523773827509e+01 1.627882059609970611e+01
1.788854381999831844e+01 1.204159457879229578e+01 1.220655561573370207e+01 0.000000000000000000e+00 1.077032961426900748e+01 2.408318915758459156e+01 3.312099032335839155e+01 1.603121954188139853e+01 2.154065922853801496e+01 2.121320343559642652e+01 4.049691346263317371e+01 8.062257748298549132e+00 1.555634918610404505e+01 3.301514803843835466e+01 1.843908891458577415e+01 1.780449381476485726e+01 8.246211251235321171e+00 2.500000000000000000e+01 1.581138830084189628e+01 3.162277660168379256e+01 2.202271554554523902e+01 1.902629759044044633e+01
7.211102550927978250e+00 1.835755975068581947e+01 1.431782106327635340e+01 1.077032961426900748e+01 0.000000000000000000e+00 1.414213562373095101e+01 2.247220505424423109e+01 6.708203932499369415e+00 1.562049935181330795e+01 1.838477631085023489e+01 3.000000000000000000e+01 6.708203932499369415e+00 7.071067811865475505e+00 2.267156809750926882e+01 1.649242250247064234e+01 1.004987562112088995e+01 1.264911064067351809e+01 1.552417469626002422e+01 9.055385138137417300e+00 2.441311123146740414e+01 1.236931687685298087e+01 9.486832980505138124e+00
1.000000000000000000e+01 2.692582403567251959e+01 2.080865204668481283e+01 2.408318915758459156e+01 1.414213562373095101e+01 0.000000000000000000e+00 1.486606874731850603e+01 8.062257748298549132e+00 1.077032961426900748e+01 2.831960451701259274e+01 2.236067977499789805e+01 2.061552812808830382e+01 1.581138830084189628e+01 1.726267650163206824e+01 1.720465053408525335e+01 1.769180601295413169e+01 2.668332812825266842e+01 2.236067977499789805e+00 1.860107523773827509e+01 1.341640786499873883e+01 2.236067977499789805e+00 5.099019513592784492e+00
1.526433752247374720e+01 3.959797974644666141e+01 3.405877273185280529e+01 3.312099032335839155e+01 2.247220505424423109e+01 1.486606874731850603e+01 0.000000000000000000e+00 1.984943324127920761e+01 2.563201123595259290e+01 2.647640458974745314e+01 7.810249675906653977e+00 2.657066051117284644e+01 1.868154169226940553e+01 3.605551275463989125e+00 3.176476034853718033e+01 1.811077027627483460e+01 3.201562118716424266e+01 1.649242250247064234e+01 2.022374841615668473e+01 2.601922366251537611e+01 1.655294535724684835e+01 1.802775637731994607e+01
7.000000000000000000e+00 1.984943324127920761e+01 1.421267040355189515e+01 1.603121954188139853e+01 6.708203932499369415e+00 8.062257748298549132e+00 1.984943324127920761e+01 0.000000000000000000e+00 9.848857801796103928e+00 2.385372088375312671e+01 2.765863337187866122e+01 1.341640786499873883e+01 1.118033988749894903e+01 2.109502310972898798e+01 1.315294643796590535e+01 1.392838827718411920e+01 1.931320791582796659e+01 9.055385138137417300e+00 1.389244398944980396e+01 1.780449381476485726e+01 6.000000000000000000e+00 3.000000000000000000e+00
1.649242250247064234e+01 1.941648783894759944e+01 1.315294643796590535e+01 2.154065922853801496e+01 1.562049935181330795e+01 1.077032961426900748e+01 2.563201123595259290e+01 9.848857801796103928e+00 0.000000000000000000e+00 3.361547262794321966e+01 3.310589071449369669e+01 2.193171219946130890e+01 2.102379604162863913e+01 2.789265136196270589e+01 7.211102550927978250e+00 2.376972864800942631e+01 2.720294101747088789e+01 9.433981132056603158e+00 2.370653918225939449e+01 1.019803902718556898e+01 9.219544457292887074e+00 9.055385138137417300e+00
1.838477631085023489e+01 3.306055050963308162e+01 3.125699921617556853e+01 2.121320343559642652e+01 1.838477631085023489e+01 2.831960451701259274e+01 2.647640458974745314e+01 2.385372088375312671e+01 3.361547262794321966e+01 0.000000000000000000e+00 3.101612483854164637e+01 1.403566884761819900e+01 1.280624847486569706e+01 2.408318915758459156e+01 3.478505426185217431e+01 1.063014581273464998e+01 1.392838827718411920e+01 3.041381265149109936e+01 1.000000000000000000e+01 4.110960958218893069e+01 2.758622844826744469e+01 2.561249694973139412e+01
2.280350850198275836e+01 4.738143096192853676e+01 4.186884283091664116e+01 4.049691346263317371e+01 3.000000000000000000e+01 2.236067977499789805e+01 7.810249675906653977e+00 2.765863337187866122e+01 3.310589071449369669e+01 3.101612483854164637e+01 0.000000000000000000e+00 3.354101966249684352e+01 2.549509756796392423e+01 7.615773105863908654e+00 3.944616584663204151e+01 2.435159132377184221e+01 3.862641583165593318e+01 2.376972864800942631e+01 2.657066051117284644e+01 3.224903099319419653e+01 2.418677324489564739e+01 2.580697580112788003e+01
1.204159457879229578e+01 1.923538406167134340e+01 1.726267650163206824e+01 8.062257748298549132e+00 6.708203932499369415e+00 2.061552812808830382e+01 2.657066051117284644e+01 1.341640786499873883e+01 2.193171219946130890e+01 1.403566884761819900e+01 3.354101966249684352e+01 0.000000000000000000e+00 8.062257748298549132e+00 2.594224354214569317e+01 2.147091055358388800e+01 9.899494936611665352e+00 6.082762530298219339e+00 2.213594362117865444e+01 7.810249675906653977e+00 3.106444913401813324e+01 1.897366596101027625e+01 1.615549442140351033e+01
5.830951894845300743e+00 2.507987240796890660e+01 2.137755832643194864e+01 1.555634918610404505e+01 7.071067811865475505e+00 1.581138830084189628e+01 1.868154169226940553e+01 1.118033988749894903e+01 2.102379604162863913e+01 1.280624847486569706e+01 2.549509756796392423e+01 8.062257748298549132e+00 0.000000000000000000e+00 1.788854381999831844e+01 2.319482700948640286e+01 3.000000000000000000e+00 1.334166406412633421e+01 1.780449381476485726e+01 2.828427124746190291e+00 2.831960451701259274e+01 1.486606874731850603e+01 1.280624847486569706e+01
1.555634918610404505e+01 4.045985664828781836e+01 3.522782990761707111e+01 3.301514803843835466e+01 2.267156809750926882e+01 1.726267650163206824e+01 3.605551275463989125e+00 2.109502310972898798e+01 2.789265136196270589e+01 2.408318915758459156e+01 7.615773105863908654e+00 2.594224354214569317e+01 1.788854381999831844e+01 0.000000000000000000e+00 3.361547262794321966e+01 1.676305461424021104e+01 3.101612483854164637e+01 1.910497317454279909e+01 1.897366596101027625e+01 2.915475947422650194e+01 1.868154169226940553e+01 1.969771560359220786e+01
2.009975124224177989e+01 1.300000000000000000e+01 7.280109889280518054e+00 1.843908891458577415e+01 1.649242250247064234e+01 1.720465053408525335e+01 3.176476034853718033e+01 1.315294643796590535e+01 7.211102550927978250e+00 3.478505426185217431e+01 3.944616584663204151e+01 2.147091055358388800e+01 2.319482700948640286e+01 3.361547262794321966e+01 0.000000000000000000e+00 2.617250465660480074e+01 2.561249694973139412e+01 1.627882059609970611e+01 2.549509756796392423e+01 1.612451549659709826e+01 1.526433752247374720e+01 1.392838827718411920e+01
7.810249675906653977e+00 2.785677655436823841e+01 2.433105012119287736e+01 1.780449381476485726e+01 1.004987562112088995e+01 1.769180601295413169e+01 1.811077027627483460e+01 1.392838827718411920e+01 2.376972864800942631e+01 1.063014581273464998e+01 2.435159132377184221e+01 9.899494936611665352e+00 3.000000000000000000e+00 1.676305461424021104e+01 2.617250465660480074e+01 0.000000000000000000e+00 1.431782106327635340e+01 1.979898987322333070e+01 2.236067977499789805e+00 3.061045573002793319e+01 1.702938636592640265e+01 1.526433752247374720e+01
1.800000000000000000e+01 2.022374841615668473e+01 2.012461179749810825e+01 8.246211251235321171e+00 1.264911064067351809e+01 2.668332812825266842e+01 3.201562118716424266e+01 1.931320791582796659e+01 2.720294101747088789e+01 1.392838827718411920e+01 3.862641583165593318e+01 6.082762530298219339e+00 1.334166406412633421e+01 3.101612483854164637e+01 2.561249694973139412e+01 1.431782106327635340e+01 0.000000000000000000e+00 2.816025568065744622e+01 1.208304597359457233e+01 3.671511950137163893e+01 2.500000000000000000e+01 2.213594362117865444e+01
1.204159457879229578e+01 2.683281572999747766e+01 2.059126028197400160e+01 2.500000000000000000e+01 1.552417469626002422e+01 2.236067977499789805e+00 1.649242250247064234e+01 9.055385138137417300e+00 9.433981132056603158e+00 3.041381265149109936e+01 2.376972864800942631e+01 2.213594362117865444e+01 1.780449381476485726e+01 1.910497317454279909e+01 1.627882059609970611e+01 1.979898987322333070e+01 2.816025568065744622e+01 0.000000000000000000e+00 2.061552812808830382e+01 1.118033988749894903e+01 3.162277660168379523e+00 6.082762530298219339e+00
8.602325267042626677e+00 2.624880949681337583e+01 2.308679276123039159e+01 1.581138830084189628e+01 9.055385138137417300e+00 1.860107523773827509e+01 2.022374841615668473e+01 1.389244398944980396e+01 2.370653918225939449e+01 1.000000000000000000e+01 2.657066051117284644e+01 7.810249675906653977e+00 2.828427124746190291e+00 1.897366596101027625e+01 2.549509756796392423e+01 2.236067977499789805e+00 1.208304597359457233e+01 2.061552812808830382e+01 0.000000000000000000e+00 3.114482300479487265e+01 1.769180601295413169e+01 1.562049935181330795e+01
2.280350850198275836e+01 2.906888370749726747e+01 2.300000000000000000e+01 3.162277660168379256e+01 2.441311123146740414e+01 1.341640786499873883e+01 2.601922366251537611e+01 1.780449381476485726e+01 1.019803902718556898e+01 4.110960958218893069e+01 3.224903099319419653e+01 3.106444913401813324e+01 2.831960451701259274e+01 2.915475947422650194e+01 1.612451549659709826e+01 3.061045573002793319e+01 3.671511950137163893e+01 1.118033988749894903e+01 3.114482300479487265e+01 0.000000000000000000e+00 1.360147050873544394e+01 1.555634918610404505e+01
9.219544457292887074e+00 2.469817807045693669e+01 1.860107523773827509e+01 2.202271554554523902e+01 1.236931687685298087e+01 2.236067977499789805e+00 1.655294535724684835e+01 6.000000000000000000e+00 9.219544457292887074e+00 2.758622844826744469e+01 2.418677324489564739e+01 1.897366596101027625e+01 1.486606874731850603e+01 1.868154169226940553e+01 1.526433752247374720e+01 1.702938636592640265e+01 2.500000000000000000e+01 3.162277660168379523e+00 1.769180601295413169e+01 1.360147050873544394e+01 0.000000000000000000e+00 3.000000000000000000e+00
7.615773105863908654e+00 2.220360331117451835e+01 1.627882059609970611e+01 1.902629759044044633e+01 9.486832980505138124e+00 5.099019513592784492e+00 1.802775637731994607e+01 3.000000000000000000e+00 9.055385138137417300e+00 2.561249694973139412e+01 2.580697580112788003e+01 1.615549442140351033e+01 1.280624847486569706e+01 1.969771560359220786e+01 1.392838827718411920e+01 1.526433752247374720e+01 2.213594362117865444e+01 6.082762530298219339e+00 1.562049935181330795e+01 1.555634918610404505e+01 3.000000000000000000e+00 0.000000000000000000e+00
