0.000000000000000000e+00 3.046309242345563462e+01 2.088061301782110135e+01 1.769180601295413169e+01 2.807133769523639799e+01 2.906888370749726747e+01 1.824828759089465890e+01 2.505992817228333536e+01 3.769615364994152884e+01 1.252996408614166768e+01 3.162277660168379523e+00 1.431782106327635340e+01 3.769615364994152884e+01 3.269556544854363267e+01 2.473863375370596174e+01 2.202271554554523902e+01 4.242640687119284770e+00 1.200000000000000000e+01 1.843908891458577415e+01 2.529822128134703618e+01
3.046309242345563462e+01 0.000000000000000000e+00 2.340939982143925135e+01 4.100000000000000000e+01 3.052867504494749440e+01 2.051828452868319275e+01 1.802775637731994607e+01 1.886796226411320632e+01 2.692582403567251959e+01 2.202271554554523902e+01 2.731300056749532601e+01 2.507987240796890660e+01 4.788527957525151635e+01 2.343074902771996193e+01 2.505992817228333536e+01 1.118033988749894903e+01 3.443835071544512516e+01 2.000000000000000000e+01 1.400000000000000000e+01 2.332380757938120297e+01
2.088061301782110135e+01 2.340939982143925135e+01 0.000000000000000000e+00 2.061552812808830382e+01 8.944271909999159220e+00 9.219544457292887074e+00 2.594224354214569317e+01 6.324555320336759046e+00 1.700000000000000000e+01 9.000000000000000000e+00 1.923538406167134340e+01 6.708203932499369415e+00 2.500000000000000000e+01 1.220655561573370207e+01 4.000000000000000000e+00 1.252996408614166768e+01 2.469817807045693669e+01 2.088061301782110135e+01 1.131370849898476116e+01 4.472135954999579610e+00
1.769180601295413169e+01 4.100000000000000000e+01 2.061552812808830382e+01 0.000000000000000000e+00 2.193171219946130890e+01 2.952964612046680060e+01 3.443835071544512516e+01 2.692582403567251959e+01 3.546829570193639825e+01 1.902629759044044633e+01 1.941648783894759944e+01 1.612451549659709826e+01 2.302172886644267535e+01 3.162277660168379256e+01 2.247220505424423109e+01 3.006659275674581622e+01 1.802775637731994607e+01 2.773084924772409465e+01 2.700000000000000000e+01 2.418677324489564739e+01
2.807133769523639799e+01 3.052867504494749440e+01 8.944271909999159220e+00 2.193171219946130890e+01 0.000000000000000000e+00 1.118033988749894903e+01 3.488552708502481892e+01 1.166190378969060149e+01 1.389244398944980396e+01 1.746424919657297892e+01 2.701851217221259205e+01 1.403566884761819900e+01 1.746424919657297892e+01 1.118033988749894903e+01 5.656854249492380582e+00 2.051828452868319275e+01 3.140063693621516450e+01 2.973213749463701205e+01 2.000000000000000000e+01 7.211102550927978250e+00
2.906888370749726747e+01 2.051828452868319275e+01 9.219544457292887074e+00 2.952964612046680060e+01 1.118033988749894903e+01 0.000000000000000000e+00 2.942787793912432193e+01 4.123105625617660586e+00 9.055385138137417300e+00 1.655294535724684835e+01 2.692582403567251959e+01 1.562049935181330795e+01 2.846049894151541437e+01 4.000000000000000000e+00 7.280109889280518054e+00 1.264911064067351809e+01 3.312099032335839155e+01 2.601922366251537611e+01 1.403566884761819900e+01 5.385164807134503739e+00
1.824828759089465890e+01 1.802775637731994607e+01 2.594224354214569317e+01 3.443835071544512516e+01 3.488552708502481892e+01 2.942787793912432193e+01 0.000000000000000000e+00 2.570992026436488231e+01 3.820994634908559817e+01 1.843908891458577415e+01 1.552417469626002422e+01 2.267156809750926882e+01 4.967896939349688523e+01 3.337663853655727308e+01 2.954657340538831534e+01 1.702938636592640265e+01 2.100000000000000000e+01 6.708203932499369415e+00 1.552417469626002422e+01 2.879236009777593708e+01
2.505992817228333536e+01 1.886796226411320632e+01 6.324555320336759046e+00 2.692582403567251959e+01 1.166190378969060149e+01 4.123105625617660586e+00 2.570992026436488231e+01 0.000000000000000000e+00 1.315294643796590535e+01 1.252996408614166768e+01 2.284731931759172596e+01 1.204159457879229578e+01 2.906888370749726747e+01 8.062257748298549132e+00 6.324555320336759046e+00 9.433981132056603158e+00 2.915475947422650194e+01 2.200000000000000000e+01 1.019803902718556898e+01 4.472135954999579610e+00
3.769615364994152884e+01 2.692582403567251959e+01 1.700000000000000000e+01 3.546829570193639825e+01 1.389244398944980396e+01 9.055385138137417300e+00 3.820994634908559817e+01 1.315294643796590535e+01 0.000000000000000000e+00 2.529822128134703618e+01 3.573513677041127323e+01 2.370653918225939449e+01 2.800000000000000000e+01 5.099019513592784492e+00 1.360147050873544394e+01 2.121320343559642652e+01 4.162931659299729859e+01 3.505709628591620941e+01 2.300000000000000000e+01 1.252996408614166768e+01
1.252996408614166768e+01 2.202271554554523902e+01 9.000000000000000000e+00 1.902629759044044633e+01 1.746424919657297892e+01 1.655294535724684835e+01 1.843908891458577415e+01 1.252996408614166768e+01 2.529822128134703618e+01 0.000000000000000000e+00 1.044030650891055068e+01 4.242640687119284770e+00 3.124099870362661591e+01 2.024845673131658685e+01 1.300000000000000000e+01 1.140175425099137918e+01 1.664331697709323876e+01 1.252996408614166768e+01 8.062257748298549132e+00 1.315294643796590535e+01
3.162277660168379523e+00 2.731300056749532601e+01 1.923538406167134340e+01 1.941648783894759944e+01 2.701851217221259205e+01 2.692582403567251959e+01 1.552417469626002422e+01 2.284731931759172596e+01 3.573513677041127323e+01 1.044030650891055068e+01 0.000000000000000000e+00 1.300000000000000000e+01 3.801315561749642313e+01 3.067572330035593353e+01 2.319482700948640286e+01 1.910497317454279909e+01 7.211102550927978250e+00 9.055385138137417300e+00 1.555634918610404505e+01 2.353720459187963954e+01
1.431782106327635340e+01 2.507987240796890660e+01 6.708203932499369415e+00 1.612451549659709826e+01 1.403566884761819900e+01 1.562049935181330795e+01 2.267156809750926882e+01 1.204159457879229578e+01 2.370653918225939449e+01 4.242640687119284770e+00 1.300000000000000000e+01 0.000000000000000000e+00 2.701851217221259205e+01 1.886796226411320632e+01 1.044030650891055068e+01 1.400000000000000000e+01 1.802775637731994607e+01 1.664331697709323876e+01 1.118033988749894903e+01 1.118033988749894903e+01
3.769615364994152884e+01 4.788527957525151635e+01 2.500000000000000000e+01 2.302172886644267535e+01 1.746424919657297892e+01 2.846049894151541437e+01 4.967896939349688523e+01 2.906888370749726747e+01 2.800000000000000000e+01 3.124099870362661591e+01 3.801315561749642313e+01 2.701851217221259205e+01 0.000000000000000000e+00 2.745906043549196340e+01 2.282542442102665348e+01 3.744329045369811126e+01 3.956008088970496317e+01 4.360045871318327926e+01 3.623534186398687496e+01 2.459674775249768786e+01
3.269556544854363267e+01 2.343074902771996193e+01 1.220655561573370207e+01 3.162277660168379256e+01 1.118033988749894903e+01 4.000000000000000000e+00 3.337663853655727308e+01 8.062257748298549132e+00 5.099019513592784492e+00 2.024845673131658685e+01 3.067572330035593353e+01 1.886796226411320632e+01 2.745906043549196340e+01 0.000000000000000000e+00 9.219544457292887074e+00 1.649242250247064234e+01 3.667424164178449786e+01 3.001666203960726875e+01 1.802775637731994607e+01 7.810249675906653977e+00
2.473863375370596174e+01 2.505992817228333536e+01 4.000000000000000000e+00 2.247220505424423109e+01 5.656854249492380582e+00 7.280109889280518054e+00 2.954657340538831534e+01 6.324555320336759046e+00 1.360147050873544394e+01 1.300000000000000000e+01 2.319482700948640286e+01 1.044030650891055068e+01 2.282542442102665348e+01 9.219544457292887074e+00 0.000000000000000000e+00 1.486606874731850603e+01 2.846049894151541437e+01 2.473863375370596174e+01 1.442220510185595650e+01 2.000000000000000000e+00
2.202271554554523902e+01 1.118033988749894903e+01 1.252996408614166768e+01 3.006659275674581622e+01 2.051828452868319275e+01 1.264911064067351809e+01 1.702938636592640265e+01 9.433981132056603158e+00 2.121320343559642652e+01 1.140175425099137918e+01 1.910497317454279909e+01 1.400000000000000000e+01 3.744329045369811126e+01 1.649242250247064234e+01 1.486606874731850603e+01 0.000000000000000000e+00 2.624880949681337583e+01 1.486606874731850603e+01 3.605551275463989125e+00 1.345362404707370985e+01
4.242640687119284770e+00 3.443835071544512516e+01 2.469817807045693669e+01 1.802775637731994607e+01 3.140063693621516450e+01 3.312099032335839155e+01 2.100000000000000000e+01 2.915475947422650194e+01 4.162931659299729859e+01 1.664331697709323876e+01 7.211102550927978250e+00 1.802775637731994607e+01 3.956008088970496317e+01 3.667424164178449786e+01 2.846049894151541437e+01 2.624880949681337583e+01 0.000000000000000000e+00 1.529705854077835525e+01 2.267156809750926882e+01 2.915475947422650194e+01
1.200000000000000000e+01 2.000000000000000000e+01 2.088061301782110135e+01 2.773084924772409465e+01 2.973213749463701205e+01 2.601922366251537611e+01 6.708203932499369415e+00 2.200000000000000000e+01 3.505709628591620941e+01 1.252996408614166768e+01 9.055385138137417300e+00 1.664331697709323876e+01 4.360045871318327926e+01 3.001666203960726875e+01 2.473863375370596174e+01 1.486606874731850603e+01 1.529705854077835525e+01 0.000000000000000000e+00 1.216552506059643868e+01 2.433105012119287736e+01
1.843908891458577415e+01 1.400000000000000000e+01 1.131370849898476116e+01 2.700000000000000000e+01 2.000000000000000000e+01 1.403566884761819900e+01 1.552417469626002422e+01 1.019803902718556898e+01 2.300000000000000000e+01 8.062257748298549132e+00 1.555634918610404505e+01 1.118033988749894903e+01 3.623534186398687496e+01 1.802775637731994607e+01 1.442220510185595650e+01 3.605551275463989125e+00 2.267156809750926882e+01 1.216552506059643868e+01 0.000000000000000000e+00 1.341640786499873883e+01
2.529822128134703618e+01 2.332380757938120297e+01 4.472135954999579610e+00 2.418677324489564739e+01 7.211102550927978250e+00 5.385164807134503739e+00 2.879236009777593708e+01 4.472135954999579610e+00 1.252996408614166768e+01 1.315294643796590535e+01 2.353720459187963954e+01 1.118033988749894903e+01 2.459674775249768786e+01 7.810249675906653977e+00 2.000000000000000000e+00 1.345362404707370985e+01 2.915475947422650194e+01 2.433105012119287736e+01 1.341640786499873883e+01 0.000000000000000000e+00
