0.000000000000000000e+00 1.063014581273464998e+01 1.334166406412633421e+01 2.751363298439520833e+01 3.195309061734091571e+01 1.486606874731850603e+01 1.526433752247374720e+01 1.303840481040529831e+01 1.500000000000000000e+01 2.220360331117451835e+01 2.300000000000000000e+01 2.000000000000000000e+01 1.612451549659709826e+01 2.126029162546929996e+01 5.830951894845300743e+00 5.099019513592784492e+00 1.414213562373095101e+01 4.123105625617660586e+00 6.708203932499369415e+00 6.708203932499369415e+00 1.878829422805593552e+01 2.280350850198275836e+01 1.019803902718556898e+01 1.170469991071962568e+01
1.063014581273464998e+01 0.000000000000000000e+00 2.137755832643194864e+01 1.811077027627483460e+01 2.842534080710379030e+01 2.121320343559642652e+01 2.000000000000000000e+01 2.193171219946130890e+01 1.649242250247064234e+01 1.456021977856103611e+01 1.655294535724684835e+01 1.389244398944980396e+01 2.662705391138869615e+01 2.376972864800942631e+01 5.385164807134503739e+00 1.526433752247374720e+01 7.810249675906653977e+00 9.486832980505138124e+00 1.456021977856103611e+01 1.019803902718556898e+01 2.884441020371191300e+01 1.910497317454279909e+01 2.012461179749810825e+01 1.923538406167134340e+01
1.334166406412633421e+01 2.137755832643194864e+01 0.000000000000000000e+00 3.945883931389771959e+01 4.522167621838005402e+01 2.475883680627989492e+01 2.640075756488817049e+01 2.000000000000000000e+01 2.773084924772409465e+01 3.500000000000000000e+01 3.612478373637688378e+01 3.313608305156178346e+01 1.104536101718726115e+01 3.301514803843835466e+01 1.612451549659709826e+01 8.944271909999159220e+00 2.701851217221259205e+01 1.204159457879229578e+01 7.000000000000000000e+00 1.992485884517127559e+01 2.061552812808830382e+01 3.613862199918530393e+01 5.830951894845300743e+00 2.236067977499789805e+00
2.751363298439520833e+01 1.811077027627483460e+01 3.945883931389771959e+01 0.000000000000000000e+00 2.039607805437113797e+01 3.114482300479487265e+01 2.842534080710379030e+01 3.482814953453599571e+01 2.280350850198275836e+01 7.211102550927978250e+00 9.486832980505138124e+00 1.081665382639196871e+01 4.346262762420145975e+01 2.773084924772409465e+01 2.334523505985750447e+01 3.257299494980465937e+01 1.389244398944980396e+01 2.745906043549196340e+01 3.255764119219941222e+01 2.332380757938120297e+01 4.280186911806539030e+01 1.552417469626002422e+01 3.764306044943742080e+01 3.733630940518894192e+01
3.195309061734091571e+01 2.842534080710379030e+01 4.522167621838005402e+01 2.039607805437113797e+01 0.000000000000000000e+00 2.517935662402834396e+01 2.209072203437452231e+01 3.106444913401813324e+01 1.811077027627483460e+01 1.612451549659709826e+01 1.303840481040529831e+01 1.486606874731850603e+01 4.410215414239988974e+01 1.676305461424021104e+01 3.138470965295043058e+01 3.640054944640259293e+01 2.061552812808830382e+01 3.443835071544512516e+01 3.862641583165593318e+01 2.529822128134703618e+01 3.847076812334268681e+01 9.433981132056603158e+00 4.100000000000000000e+01 4.365775990588614519e+01
1.486606874731850603e+01 2.121320343559642652e+01 2.475883680627989492e+01 3.114482300479487265e+01 2.517935662402834396e+01 0.000000000000000000e+00 3.162277660168379523e+00 6.082762530298219339e+00 8.602325267042626677e+00 2.404163056034261459e+01 2.280350850198275836e+01 2.051828452868319275e+01 1.992485884517127559e+01 9.219544457292887074e+00 1.910497317454279909e+01 1.640121946685672683e+01 1.835755975068581947e+01 1.897366596101027625e+01 2.024845673131658685e+01 1.104536101718726115e+01 1.334166406412633421e+01 1.878829422805593552e+01 1.920937271229854559e+01 2.408318915758459156e+01
1.526433752247374720e+01 2.000000000000000000e+01 2.640075756488817049e+01 2.842534080710379030e+01 2.209072203437452231e+01 3.162277660168379523e+00 0.000000000000000000e+00 9.000000000000000000e+00 5.656854249492380582e+00 2.126029162546929996e+01 1.984943324127920761e+01 1.769180601295413169e+01 2.256102834535695578e+01 6.708203932499369415e+00 1.868154169226940553e+01 1.769180601295413169e+01 1.615549442140351033e+01 1.923538406167134340e+01 2.126029162546929996e+01 1.019803902718556898e+01 1.649242250247064234e+01 1.565247584249852864e+01 2.109502310972898798e+01 2.549509756796392423e+01
1.303840481040529831e+01 2.193171219946130890e+01 2.000000000000000000e+01 3.482814953453599571e+01 3.106444913401813324e+01 6.082762530298219339e+00 9.000000000000000000e+00 0.000000000000000000e+00 1.360147050873544394e+01 2.801785145224380003e+01 2.729468812791236232e+01 2.469817807045693669e+01 1.392838827718411920e+01 1.529705854077835525e+01 1.843908891458577415e+01 1.264911064067351809e+01 2.121320343559642652e+01 1.700000000000000000e+01 1.676305461424021104e+01 1.220655561573370207e+01 8.062257748298549132e+00 2.404163056034261459e+01 1.421267040355189515e+01 1.972308292331602075e+01
1.500000000000000000e+01 1.649242250247064234e+01 2.773084924772409465e+01 2.280350850198275836e+01 1.811077027627483460e+01 8.602325267042626677e+00 5.656854249492380582e+00 1.360147050873544394e+01 0.000000000000000000e+00 1.562049935181330795e+01 1.421267040355189515e+01 1.204159457879229578e+01 2.601922366251537611e+01 7.280109889280518054e+00 1.664331697709323876e+01 1.878829422805593552e+01 1.118033988749894903e+01 1.838477631085023489e+01 2.163330765278393741e+01 8.485281374238569541e+00 2.154065922853801496e+01 1.044030650891055068e+01 2.308679276123039159e+01 2.641968962724581260e+01
2.220360331117451835e+01 1.456021977856103611e+01 3.500000000000000000e+01 7.211102550927978250e+00 1.612451549659709826e+01 2.404163056034261459e+01 2.126029162546929996e+01 2.801785145224380003e+01 1.562049935181330795e+01 0.000000000000000000e+00 3.162277660168379523e+00 3.605551275463989125e+00 3.764306044943742080e+01 2.061552812808830382e+01 1.910497317454279909e+01 2.729468812791236232e+01 8.062257748298549132e+00 2.302172886644267535e+01 2.800000000000000000e+01 1.708800749063506075e+01 3.605551275463989214e+01 9.000000000000000000e+00 3.238826948140329165e+01 3.301514803843835466e+01
2.300000000000000000e+01 1.655294535724684835e+01 3.612478373637688378e+01 9.486832980505138124e+00 1.303840481040529831e+01 2.280350850198275836e+01 1.984943324127920761e+01 2.729468812791236232e+01 1.421267040355189515e+01 3.162277660168379523e+00 0.000000000000000000e+00 3.000000000000000000e+00 3.785498646149540036e+01 1.835755975068581947e+01 2.061552812808830382e+01 2.801785145224380003e+01 9.219544457292887074e+00 2.433105012119287736e+01 2.915475947422650194e+01 1.726267650163206824e+01 3.535533905932737753e+01 6.082762530298219339e+00 3.306055050963308162e+01 3.423448553724738019e+01
2.000000000000000000e+01 1.389244398944980396e+01 3.313608305156178346e+01 1.081665382639196871e+01 1.486606874731850603e+01 2.051828452868319275e+01 1.769180601295413169e+01 2.469817807045693669e+01 1.204159457879229578e+01 3.605551275463989125e+00 3.000000000000000000e+00 0.000000000000000000e+00 3.492849839314595783e+01 1.708800749063506075e+01 1.772004514666934938e+01 2.501999200639360765e+01 6.324555320336759046e+00 2.137755832643194864e+01 2.617250465660480074e+01 1.431782106327635340e+01 3.275667870831839679e+01 6.324555320336759046e+00 3.006659275674581622e+01 3.125699921617556853e+01
1.612451549659709826e+01 2.662705391138869615e+01 1.104536101718726115e+01 4.346262762420145975e+01 4.410215414239988974e+01 1.992485884517127559e+01 2.256102834535695578e+01 1.392838827718411920e+01 2.601922366251537611e+01 3.764306044943742080e+01 3.785498646149540036e+01 3.492849839314595783e+01 0.000000000000000000e+00 2.912043955712207222e+01 2.140093455903269515e+01 1.140175425099137918e+01 2.973213749463701205e+01 1.769180601295413169e+01 1.360147050873544394e+01 2.061552812808830382e+01 1.081665382639196871e+01 3.605551275463989214e+01 7.211102550927978250e+00 1.236931687685298087e+01
2.126029162546929996e+01 2.376972864800942631e+01 3.301514803843835466e+01 2.773084924772409465e+01 1.676305461424021104e+01 9.219544457292887074e+00 6.708203932499369415e+00 1.529705854077835525e+01 7.280109889280518054e+00 2.061552812808830382e+01 1.835755975068581947e+01 1.708800749063506075e+01 2.912043955712207222e+01 0.000000000000000000e+00 2.370653918225939449e+01 2.420743687382040932e+01 1.800000000000000000e+01 2.500000000000000000e+01 2.758622844826744469e+01 1.526433752247374720e+01 2.202271554554523902e+01 1.280624847486569706e+01 2.778488797889960793e+01 3.201562118716424266e+01
5.830951894845300743e+00 5.385164807134503739e+00 1.612451549659709826e+01 2.334523505985750447e+01 3.138470965295043058e+01 1.910497317454279909e+01 1.868154169226940553e+01 1.843908891458577415e+01 1.664331697709323876e+01 1.910497317454279909e+01 2.061552812808830382e+01 1.772004514666934938e+01 2.140093455903269515e+01 2.370653918225939449e+01 0.000000000000000000e+00 1.000000000000000000e+01 1.140175425099137918e+01 4.123105625617660586e+00 9.219544457292887074e+00 8.544003745317530374e+00 2.459674775249768786e+01 2.195449840010014952e+01 1.476482306023340030e+01 1.403566884761819900e+01
5.099019513592784492e+00 1.526433752247374720e+01 8.944271909999159220e+00 3.257299494980465937e+01 3.640054944640259293e+01 1.640121946685672683e+01 1.769180601295413169e+01 1.264911064067351809e+01 1.878829422805593552e+01 2.729468812791236232e+01 2.801785145224380003e+01 2.501999200639360765e+01 1.140175425099137918e+01 2.420743687382040932e+01 1.000000000000000000e+01 0.000000000000000000e+00 1.923538406167134340e+01 6.403124237432848531e+00 4.123105625617660586e+00 1.118033988749894903e+01 1.627882059609970611e+01 2.745906043549196340e+01 5.099019513592784492e+00 7.810249675906653977e+00
1.414213562373095101e+01 7.810249675906653977e+00 2.701851217221259205e+01 1.389244398944980396e+01 2.061552812808830382e+01 1.835755975068581947e+01 1.615549442140351033e+01 2.121320343559642652e+01 1.118033988749894903e+01 8.062257748298549132e+00 9.219544457292887074e+00 6.324555320336759046e+00 2.973213749463701205e+01 1.800000000000000000e+01 1.140175425099137918e+01 1.923538406167134340e+01 0.000000000000000000e+00 1.513274595042155646e+01 2.002498439450078749e+01 9.433981132056603158e+00 2.906888370749726747e+01 1.131370849898476116e+01 2.433105012119287736e+01 2.507987240796890660e+01
4.123105625617660586e+00 9.486832980505138124e+00 1.204159457879229578e+01 2.745906043549196340e+01 3.443835071544512516e+01 1.897366596101027625e+01 1.923538406167134340e+01 1.700000000000000000e+01 1.838477631085023489e+01 2.302172886644267535e+01 2.433105012119287736e+01 2.137755832643194864e+01 1.769180601295413169e+01 2.500000000000000000e+01 4.123105625617660586e+00 6.403124237432848531e+00 1.513274595042155646e+01 0.000000000000000000e+00 5.099019513592784492e+00 9.899494936611665352e+00 2.213594362117865444e+01 2.507987240796890660e+01 1.081665382639196871e+01 1.000000000000000000e+01
6.708203932499369415e+00 1.456021977856103611e+01 7.000000000000000000e+00 3.255764119219941222e+01 3.862641583165593318e+01 2.024845673131658685e+01 2.126029162546929996e+01 1.676305461424021104e+01 2.163330765278393741e+01 2.800000000000000000e+01 2.915475947422650194e+01 2.617250465660480074e+01 1.360147050873544394e+01 2.758622844826744469e+01 9.219544457292887074e+00 4.123105625617660586e+00 2.002498439450078749e+01 5.099019513592784492e+00 0.000000000000000000e+00 1.341640786499873883e+01 2.009975124224177989e+01 2.941088233970548416e+01 6.403124237432848531e+00 5.099019513592784492e+00
6.708203932499369415e+00 1.019803902718556898e+01 1.992485884517127559e+01 2.332380757938120297e+01 2.529822128134703618e+01 1.104536101718726115e+01 1.019803902718556898e+01 1.220655561573370207e+01 8.485281374238569541e+00 1.708800749063506075e+01 1.726267650163206824e+01 1.431782106327635340e+01 2.061552812808830382e+01 1.526433752247374720e+01 8.544003745317530374e+00 1.118033988749894903e+01 9.433981132056603158e+00 9.899494936611665352e+00 1.341640786499873883e+01 0.000000000000000000e+00 1.979898987322333070e+01 1.627882059609970611e+01 1.603121954188139853e+01 1.838477631085023489e+01
1.878829422805593552e+01 2.884441020371191300e+01 2.061552812808830382e+01 4.280186911806539030e+01 3.847076812334268681e+01 1.334166406412633421e+01 1.649242250247064234e+01 8.062257748298549132e+00 2.154065922853801496e+01 3.605551275463989214e+01 3.535533905932737753e+01 3.275667870831839679e+01 1.081665382639196871e+01 2.202271554554523902e+01 2.459674775249768786e+01 1.627882059609970611e+01 2.906888370749726747e+01 2.213594362117865444e+01 2.009975124224177989e+01 1.979898987322333070e+01 0.000000000000000000e+00 3.195309061734091571e+01 1.513274595042155646e+01 2.121320343559642652e+01
2.280350850198275836e+01 1.910497317454279909e+01 3.613862199918530393e+01 1.552417469626002422e+01 9.433981132056603158e+00 1.878829422805593552e+01 1.565247584249852864e+01 2.404163056034261459e+01 1.044030650891055068e+01 9.000000000000000000e+00 6.082762530298219339e+00 6.324555320336759046e+00 3.605551275463989214e+01 1.280624847486569706e+01 2.195449840010014952e+01 2.745906043549196340e+01 1.131370849898476116e+01 2.507987240796890660e+01 2.941088233970548416e+01 1.627882059609970611e+01 3.195309061734091571e+01 0.000000000000000000e+00 3.224903099319419653e+01 3.448187929913333249e+01
1.019803902718556898e+01 2.012461179749810825e+01 5.830951894845300743e+00 3.764306044943742080e+01 4.100000000000000000e+01 1.920937271229854559e+01 2.109502310972898798e+01 1.421267040355189515e+01 2.308679276123039159e+01 3.238826948140329165e+01 3.306055050963308162e+01 3.006659275674581622e+01 7.211102550927978250e+00 2.778488797889960793e+01 1.476482306023340030e+01 5.099019513592784492e+00 2.433105012119287736e+01 1.081665382639196871e+01 6.403124237432848531e+00 1.603121954188139853e+01 1.513274595042155646e+01 3.224903099319419653e+01 0.000000000000000000e+00 6.082762530298219339e+00
1.170469991071962568e+01 1.923538406167134340e+01 2.236067977499789805e+00 3.733630940518894192e+01 4.365775990588614519e+01 2.408318915758459156e+01 2.549509756796392423e+01 1.972308292331602075e+01 2.641968962724581260e+01 3.301514803843835466e+01 3.423448553724738019e+01 3.125699921617556853e+01 1.236931687685298087e+01 3.201562118716424266e+01 1.403566884761819900e+01 7.810249675906653977e+00 2.507987240796890660e+01 1.000000000000000000e+01 5.099019513592784492e+00 1.838477631085023489e+01 2.121320343559642652e+01 3.448187929913333249e+01 6.082762530298219339e+00 0.000000000000000000e+00
