0.000000000000000000e+00 1.081665382639196871e+01 2.302172886644267535e+01 1.104536101718726115e+01 3.301514803843835466e+01 1.838477631085023489e+01 3.538361202590826338e+01 7.071067811865475505e+00 1.345362404707370985e+01 8.062257748298549132e+00 2.692582403567251959e+01 3.623534186398687496e+01 7.280109889280518054e+00 5.099019513592784492e+00 1.581138830084189628e+01 2.184032966784155505e+01 1.772004514666934938e+01 3.195309061734091571e+01 1.334166406412633421e+01 2.236067977499789805e+00
1.081665382639196871e+01 0.000000000000000000e+00 1.972308292331602075e+01 1.118033988749894903e+01 2.325940669922601600e+01 8.062257748298549132e+00 2.500000000000000000e+01 7.280109889280518054e+00 3.162277660168379523e+00 1.019803902718556898e+01 1.772004514666934938e+01 2.549509756796392423e+01 1.104536101718726115e+01 1.486606874731850603e+01 7.000000000000000000e+00 1.529705854077835525e+01 8.062257748298549132e+00 2.408318915758459156e+01 9.848857801796103928e+00 1.303840481040529831e+01
2.302172886644267535e+01 1.972308292331602075e+01 0.000000000000000000e+00 1.200000000000000000e+01 2.039607805437113797e+01 2.408318915758459156e+01 2.517935662402834396e+01 2.529822128134703618e+01 1.780449381476485726e+01 1.500000000000000000e+01 1.500000000000000000e+01 2.900000000000000000e+01 1.603121954188139853e+01 2.800000000000000000e+01 1.414213562373095101e+01 7.280109889280518054e+00 2.545584412271571040e+01 1.389244398944980396e+01 2.952964612046680060e+01 2.402082429892862692e+01
1.104536101718726115e+01 1.118033988749894903e+01 1.200000000000000000e+01 0.000000000000000000e+00 2.561249694973139412e+01 1.843908891458577415e+01 2.915475947422650194e+01 1.442220510185595650e+01 1.118033988749894903e+01 3.000000000000000000e+00 1.920937271229854559e+01 3.138470965295043058e+01 4.123105625617660586e+00 1.600000000000000000e+01 1.019803902718556898e+01 1.220655561573370207e+01 1.897366596101027625e+01 2.247220505424423109e+01 1.979898987322333070e+01 1.204159457879229578e+01
3.301514803843835466e+01 2.325940669922601600e+01 2.039607805437113797e+01 2.561249694973139412e+01 0.000000000000000000e+00 2.009975124224177989e+01 5.099019513592784492e+00 3.046309242345563462e+01 2.012461179749810825e+01 2.758622844826744469e+01 6.403124237432848531e+00 9.848857801796103928e+00 2.900000000000000000e+01 3.773592452822641263e+01 1.720465053408525335e+01 1.431782106327635340e+01 2.209072203437452231e+01 8.544003745317530374e+00 3.059411708155671050e+01 3.500000000000000000e+01
1.838477631085023489e+01 8.062257748298549132e+00 2.408318915758459156e+01 1.843908891458577415e+01 2.009975124224177989e+01 0.000000000000000000e+00 2.024845673131658685e+01 1.280624847486569706e+01 7.280109889280518054e+00 1.802775637731994607e+01 1.627882059609970611e+01 1.941648783894759944e+01 1.900000000000000000e+01 2.163330765278393741e+01 1.000000000000000000e+01 1.780449381476485726e+01 2.000000000000000000e+00 2.376972864800942631e+01 1.077032961426900748e+01 2.061552812808830382e+01
3.538361202590826338e+01 2.500000000000000000e+01 2.517935662402834396e+01 2.915475947422650194e+01 5.099019513592784492e+00 2.024845673131658685e+01 0.000000000000000000e+00 3.190611226708763226e+01 2.202271554554523902e+01 3.080584360149872580e+01 1.044030650891055068e+01 5.000000000000000000e+00 3.220248437620923454e+01 3.982461550347975532e+01 1.984943324127920761e+01 1.868154169226940553e+01 2.213594362117865444e+01 1.360147050873544394e+01 3.101612483854164637e+01 3.748332962798262713e+01
7.071067811865475505e+00 7.280109889280518054e+00 2.529822128134703618e+01 1.442220510185595650e+01 3.046309242345563462e+01 1.280624847486569706e+01 3.190611226708763226e+01 0.000000000000000000e+00 1.044030650891055068e+01 1.204159457879229578e+01 2.500000000000000000e+01 3.189043743820394994e+01 1.204159457879229578e+01 8.944271909999159220e+00 1.414213562373095101e+01 2.202271554554523902e+01 1.166190378969060149e+01 3.125699921617556853e+01 6.324555320336759046e+00 9.000000000000000000e+00
1.345362404707370985e+01 3.162277660168379523e+00 1.780449381476485726e+01 1.118033988749894903e+01 2.012461179749810825e+01 7.280109889280518054e+00 2.202271554554523902e+01 1.044030650891055068e+01 0.000000000000000000e+00 1.104536101718726115e+01 1.456021977856103611e+01 2.280350850198275836e+01 1.216552506059643868e+01 1.780449381476485726e+01 4.123105625617660586e+00 1.264911064067351809e+01 8.062257748298549132e+00 2.102379604162863913e+01 1.236931687685298087e+01 1.562049935181330795e+01
8.062257748298549132e+00 1.019803902718556898e+01 1.500000000000000000e+01 3.000000000000000000e+00 2.758622844826744469e+01 1.802775637731994607e+01 3.080584360149872580e+01 1.204159457879229578e+01 1.104536101718726115e+01 0.000000000000000000e+00 2.121320343559642652e+01 3.264965543462901820e+01 1.414213562373095145e+00 1.300000000000000000e+01 1.118033988749894903e+01 1.476482306023340030e+01 1.824828759089465890e+01 2.505992817228333536e+01 1.780449381476485726e+01 9.055385138137417300e+00
2.692582403567251959e+01 1.772004514666934938e+01 1.500000000000000000e+01 1.920937271229854559e+01 6.403124237432848531e+00 1.627882059609970611e+01 1.044030650891055068e+01 2.500000000000000000e+01 1.456021977856103611e+01 2.121320343559642652e+01 0.000000000000000000e+00 1.400000000000000000e+01 2.262741699796952233e+01 3.176476034853718033e+01 1.118033988749894903e+01 8.246211251235321171e+00 1.824828759089465890e+01 7.615773105863908654e+00 2.601922366251537611e+01 2.884441020371191300e+01
3.623534186398687496e+01 2.549509756796392423e+01 2.900000000000000000e+01 3.138470965295043058e+01 9.848857801796103928e+00 1.941648783894759944e+01 5.000000000000000000e+00 3.189043743820394994e+01 2.280350850198275836e+01 3.264965543462901820e+01 1.400000000000000000e+01 0.000000000000000000e+00 3.400000000000000000e+01 4.031128874149274566e+01 2.147091055358388800e+01 2.209072203437452231e+01 2.109502310972898798e+01 1.838477631085023489e+01 3.001666203960726875e+01 3.841874542459709119e+01
7.280109889280518054e+00 1.104536101718726115e+01 1.603121954188139853e+01 4.123105625617660586e+00 2.900000000000000000e+01 1.900000000000000000e+01 3.220248437620923454e+01 1.204159457879229578e+01 1.216552506059643868e+01 1.414213562373095145e+00 2.262741699796952233e+01 3.400000000000000000e+01 0.000000000000000000e+00 1.204159457879229578e+01 1.252996408614166768e+01 1.612451549659709826e+01 1.910497317454279909e+01 2.641968962724581260e+01 1.802775637731994607e+01 8.000000000000000000e+00
5.099019513592784492e+00 1.486606874731850603e+01 2.800000000000000000e+01 1.600000000000000000e+01 3.773592452822641263e+01 2.163330765278393741e+01 3.982461550347975532e+01 8.944271909999159220e+00 1.780449381476485726e+01 1.300000000000000000e+01 3.176476034853718033e+01 4.031128874149274566e+01 1.204159457879229578e+01 0.000000000000000000e+00 2.059126028197400160e+01 2.692582403567251959e+01 2.059126028197400160e+01 3.700000000000000000e+01 1.414213562373095101e+01 4.123105625617660586e+00
1.581138830084189628e+01 7.000000000000000000e+00 1.414213562373095101e+01 1.019803902718556898e+01 1.720465053408525335e+01 1.000000000000000000e+01 1.984943324127920761e+01 1.414213562373095101e+01 4.123105625617660586e+00 1.118033988749894903e+01 1.118033988749894903e+01 2.147091055358388800e+01 1.252996408614166768e+01 2.059126028197400160e+01 0.000000000000000000e+00 8.544003745317530374e+00 1.131370849898476116e+01 1.711724276862369010e+01 1.649242250247064234e+01 1.780449381476485726e+01
2.184032966784155505e+01 1.529705854077835525e+01 7.280109889280518054e+00 1.220655561573370207e+01 1.431782106327635340e+01 1.780449381476485726e+01 1.868154169226940553e+01 2.202271554554523902e+01 1.264911064067351809e+01 1.476482306023340030e+01 8.246211251235321171e+00 2.209072203437452231e+01 1.612451549659709826e+01 2.692582403567251959e+01 8.544003745317530374e+00 0.000000000000000000e+00 1.941648783894759944e+01 1.029563014098700080e+01 2.500000000000000000e+01 2.340939982143925135e+01
1.772004514666934938e+01 8.062257748298549132e+00 2.545584412271571040e+01 1.897366596101027625e+01 2.209072203437452231e+01 2.000000000000000000e+00 2.213594362117865444e+01 1.166190378969060149e+01 8.062257748298549132e+00 1.824828759089465890e+01 1.824828759089465890e+01 2.109502310972898798e+01 1.910497317454279909e+01 2.059126028197400160e+01 1.131370849898476116e+01 1.941648783894759944e+01 0.000000000000000000e+00 2.570992026436488231e+01 8.944271909999159220e+00 1.992485884517127559e+01
3.195309061734091571e+01 2.408318915758459156e+01 1.389244398944980396e+01 2.247220505424423109e+01 8.544003745317530374e+00 2.376972864800942631e+01 1.360147050873544394e+01 3.125699921617556853e+01 2.102379604162863913e+01 2.505992817228333536e+01 7.615773105863908654e+00 1.838477631085023489e+01 2.641968962724581260e+01 3.700000000000000000e+01 1.711724276862369010e+01 1.029563014098700080e+01 2.570992026436488231e+01 0.000000000000000000e+00 3.306055050963308162e+01 3.361547262794321966e+01
1.334166406412633421e+01 9.848857801796103928e+00 2.952964612046680060e+01 1.979898987322333070e+01 3.059411708155671050e+01 1.077032961426900748e+01 3.101612483854164637e+01 6.324555320336759046e+00 1.236931687685298087e+01 1.780449381476485726e+01 2.601922366251537611e+01 3.001666203960726875e+01 1.802775637731994607e+01 1.414213562373095101e+01 1.649242250247064234e+01 2.500000000000000000e+01 8.944271909999159220e+00 3.306055050963308162e+01 0.000000000000000000e+00 1.513274595042155646e+01
2.236067977499789805e+00 1.303840481040529831e+01 2.402082429892862692e+01 1.204159457879229578e+01 3.500000000000000000e+01 2.061552812808830382e+01 3.748332962798262713e+01 9.000000000000000000e+00 1.562049935181330795e+01 9.055385138137417300e+00 2.884441020371191300e+01 3.841874542459709119e+01 8.000000000000000000e+00 4.123105625617660586e+00 1.780449381476485726e+01 2.340939982143925135e+01 1.992485884517127559e+01 3.361547262794321966e+01 1.513274595042155646e+01 0.000000000000000000e+00
