0.000000000000000000e+00 2.549509756796392423e+01 1.500000000000000000e+01 2.340939982143925135e+01 2.915475947422650194e+01 3.280243893371345365e+01 3.676955262170046979e+01 1.868154169226940553e+01 2.915475947422650194e+01 2.765863337187866122e+01 3.605551275463989214e+01 1.802775637731994607e+01 2.785677655436823841e+01 1.513274595042155646e+01 3.052867504494749440e+01 2.912043955712207222e+01 2.408318915758459156e+01 1.081665382639196871e+01 2.418677324489564739e+01 3.538361202590826338e+01
2.549509756796392423e+01 0.000000000000000000e+00 1.118033988749894903e+01 9.486832980505138124e+00 8.944271909999159220e+00 7.615773105863908654e+00 1.140175425099137918e+01 1.403566884761819900e+01 2.505992817228333536e+01 2.236067977499789805e+00 1.140175425099137918e+01 8.062257748298549132e+00 1.272792206135785520e+01 1.552417469626002422e+01 7.071067811865475505e+00 1.272792206135785520e+01 1.838477631085023489e+01 1.486606874731850603e+01 5.385164807134503739e+00 9.899494936611665352e+00
1.500000000000000000e+01 1.118033988749894903e+01 0.000000000000000000e+00 1.360147050873544394e+01 1.431782106327635340e+01 1.878829422805593552e+01 2.202271554554523902e+01 7.211102550927978250e+00 2.080865204668481283e+01 1.341640786499873883e+01 2.247220505424423109e+01 6.324555320336759046e+00 1.403566884761819900e+01 1.166190378969060149e+01 1.746424919657297892e+01 1.941648783894759944e+01 1.389244398944980396e+01 6.000000000000000000e+00 1.200000000000000000e+01 2.080865204668481283e+01
2.340939982143925135e+01 9.486832980505138124e+00 1.360147050873544394e+01 0.000000000000000000e+00 1.838477631085023489e+01 1.264911064067351809e+01 1.843908891458577415e+01 1.972308292331602075e+01 3.264965543462901820e+01 1.004987562112088995e+01 1.442220510185595650e+01 7.280109889280518054e+00 2.163330765278393741e+01 9.219544457292887074e+00 8.944271909999159220e+00 6.000000000000000000e+00 2.561249694973139412e+01 1.315294643796590535e+01 4.123105625617660586e+00 1.649242250247064234e+01
2.915475947422650194e+01 8.944271909999159220e+00 1.431782106327635340e+01 1.838477631085023489e+01 0.000000000000000000e+00 1.208304597359457233e+01 1.104536101718726115e+01 1.220655561573370207e+01 1.843908891458577415e+01 9.219544457292887074e+00 1.581138830084189628e+01 1.500000000000000000e+01 5.099019513592784492e+00 2.300000000000000000e+01 1.421267040355189515e+01 2.140093455903269515e+01 1.303840481040529831e+01 1.992485884517127559e+01 1.431782106327635340e+01 1.104536101718726115e+01
3.280243893371345365e+01 7.615773105863908654e+00 1.878829422805593552e+01 1.264911064067351809e+01 1.208304597359457233e+01 0.000000000000000000e+00 6.000000000000000000e+00 2.109502310972898798e+01 3.036445290137795183e+01 5.385164807134503739e+00 4.000000000000000000e+00 1.486606874731850603e+01 1.708800749063506075e+01 2.109502310972898798e+01 4.000000000000000000e+00 1.216552506059643868e+01 2.433105012119287736e+01 2.202271554554523902e+01 9.433981132056603158e+00 4.000000000000000000e+00
3.676955262170046979e+01 1.140175425099137918e+01 2.202271554554523902e+01 1.843908891458577415e+01 1.104536101718726115e+01 6.000000000000000000e+00 0.000000000000000000e+00 2.247220505424423109e+01 2.915475947422650194e+01 9.433981132056603158e+00 7.211102550927978250e+00 1.941648783894759944e+01 1.600000000000000000e+01 2.640075756488817049e+01 1.000000000000000000e+01 1.811077027627483460e+01 2.408318915758459156e+01 2.624880949681337583e+01 1.486606874731850603e+01 2.000000000000000000e+00
1.868154169226940553e+01 1.403566884761819900e+01 7.211102550927978250e+00 1.972308292331602075e+01 1.220655561573370207e+01 2.109502310972898798e+01 2.247220505424423109e+01 0.000000000000000000e+00 1.360147050873544394e+01 1.600000000000000000e+01 2.507987240796890660e+01 1.280624847486569706e+01 9.433981132056603158e+00 1.886796226411320632e+01 2.109502310972898798e+01 2.507987240796890660e+01 6.708203932499369415e+00 1.264911064067351809e+01 1.708800749063506075e+01 2.184032966784155505e+01
2.915475947422650194e+01 2.505992817228333536e+01 2.080865204668481283e+01 3.264965543462901820e+01 1.843908891458577415e+01 3.036445290137795183e+01 2.915475947422650194e+01 1.360147050873544394e+01 0.000000000000000000e+00 2.640075756488817049e+01 3.420526275297414287e+01 2.617250465660480074e+01 1.334166406412633421e+01 3.244996147917590434e+01 3.178049716414140846e+01 3.744329045369811126e+01 7.071067811865475505e+00 2.594224354214569317e+01 2.941088233970548416e+01 2.942787793912432193e+01
2.765863337187866122e+01 2.236067977499789805e+00 1.341640786499873883e+01 1.004987562112088995e+01 9.219544457292887074e+00 5.385164807134503739e+00 9.433981132056603158e+00 1.600000000000000000e+01 2.640075756488817049e+01 0.000000000000000000e+00 9.219544457292887074e+00 1.000000000000000000e+01 1.360147050873544394e+01 1.708800749063506075e+01 5.385164807134503739e+00 1.220655561573370207e+01 1.992485884517127559e+01 1.697056274847713908e+01 6.000000000000000000e+00 7.810249675906653977e+00
3.605551275463989214e+01 1.140175425099137918e+01 2.247220505424423109e+01 1.442220510185595650e+01 1.581138830084189628e+01 4.000000000000000000e+00 7.211102550927978250e+00 2.507987240796890660e+01 3.420526275297414287e+01 9.219544457292887074e+00 0.000000000000000000e+00 1.802775637731994607e+01 2.088061301782110135e+01 2.343074902771996193e+01 5.656854249492380582e+00 1.216552506059643868e+01 2.828427124746190202e+01 2.523885892824792521e+01 1.204159457879229578e+01 5.656854249492380582e+00
1.802775637731994607e+01 8.062257748298549132e+00 6.324555320336759046e+00 7.280109889280518054e+00 1.500000000000000000e+01 1.486606874731850603e+01 1.941648783894759944e+01 1.280624847486569706e+01 2.617250465660480074e+01 1.000000000000000000e+01 1.802775637731994607e+01 0.000000000000000000e+00 1.676305461424021104e+01 8.000000000000000000e+00 1.252996408614166768e+01 1.315294643796590535e+01 1.910497317454279909e+01 7.211102550927978250e+00 6.324555320336759046e+00 1.780449381476485726e+01
2.785677655436823841e+01 1.272792206135785520e+01 1.403566884761819900e+01 2.163330765278393741e+01 5.099019513592784492e+00 1.708800749063506075e+01 1.600000000000000000e+01 9.433981132056603158e+00 1.334166406412633421e+01 1.360147050873544394e+01 2.088061301782110135e+01 1.676305461424021104e+01 0.000000000000000000e+00 2.451530134426252516e+01 1.886796226411320632e+01 2.545584412271571040e+01 8.246211251235321171e+00 2.002498439450078749e+01 1.780449381476485726e+01 1.612451549659709826e+01
1.513274595042155646e+01 1.552417469626002422e+01 1.166190378969060149e+01 9.219544457292887074e+00 2.300000000000000000e+01 2.109502310972898798e+01 2.640075756488817049e+01 1.886796226411320632e+01 3.244996147917590434e+01 1.708800749063506075e+01 2.343074902771996193e+01 8.000000000000000000e+00 2.451530134426252516e+01 0.000000000000000000e+00 1.780449381476485726e+01 1.431782106327635340e+01 2.555386467836127551e+01 7.211102550927978250e+00 1.166190378969060149e+01 2.459674775249768786e+01
3.052867504494749440e+01 7.071067811865475505e+00 1.746424919657297892e+01 8.944271909999159220e+00 1.421267040355189515e+01 4.000000000000000000e+00 1.000000000000000000e+01 2.109502310972898798e+01 3.178049716414140846e+01 5.385164807134503739e+00 5.656854249492380582e+00 1.252996408614166768e+01 1.886796226411320632e+01 1.780449381476485726e+01 0.000000000000000000e+00 8.246211251235321171e+00 2.529822128134703618e+01 1.972308292331602075e+01 6.403124237432848531e+00 8.000000000000000000e+00
2.912043955712207222e+01 1.272792206135785520e+01 1.941648783894759944e+01 6.000000000000000000e+00 2.140093455903269515e+01 1.216552506059643868e+01 1.811077027627483460e+01 2.507987240796890660e+01 3.744329045369811126e+01 1.220655561573370207e+01 1.216552506059643868e+01 1.315294643796590535e+01 2.545584412271571040e+01 1.431782106327635340e+01 8.246211251235321171e+00 0.000000000000000000e+00 3.052867504494749440e+01 1.910497317454279909e+01 8.062257748298549132e+00 1.612451549659709826e+01
2.408318915758459156e+01 1.838477631085023489e+01 1.389244398944980396e+01 2.561249694973139412e+01 1.303840481040529831e+01 2.433105012119287736e+01 2.408318915758459156e+01 6.708203932499369415e+00 7.071067811865475505e+00 1.992485884517127559e+01 2.828427124746190202e+01 1.910497317454279909e+01 8.246211251235321171e+00 2.555386467836127551e+01 2.529822128134703618e+01 3.052867504494749440e+01 0.000000000000000000e+00 1.931320791582796659e+01 2.247220505424423109e+01 2.400000000000000000e+01
1.081665382639196871e+01 1.486606874731850603e+01 6.000000000000000000e+00 1.315294643796590535e+01 1.992485884517127559e+01 2.202271554554523902e+01 2.624880949681337583e+01 1.264911064067351809e+01 2.594224354214569317e+01 1.697056274847713908e+01 2.523885892824792521e+01 7.211102550927978250e+00 2.002498439450078749e+01 7.211102550927978250e+00 1.972308292331602075e+01 1.910497317454279909e+01 1.931320791582796659e+01 0.000000000000000000e+00 1.341640786499873883e+01 2.475883680627989492e+01
2.418677324489564739e+01 5.385164807134503739e+00 1.200000000000000000e+01 4.123105625617660586e+00 1.431782106327635340e+01 9.433981132056603158e+00 1.486606874731850603e+01 1.708800749063506075e+01 2.941088233970548416e+01 6.000000000000000000e+00 1.204159457879229578e+01 6.324555320336759046e+00 1.780449381476485726e+01 1.166190378969060149e+01 6.403124237432848531e+00 8.062257748298549132e+00 2.247220505424423109e+01 1.341640786499873883e+01 0.000000000000000000e+00 1.300000000000000000e+01
3.538361202590826338e+01 9.899494936611665352e+00 2.080865204668481283e+01 1.649242250247064234e+01 1.104536101718726115e+01 4.000000000000000000e+00 2.000000000000000000e+00 2.184032966784155505e+01 2.942787793912432193e+01 7.810249675906653977e+00 5.656854249492380582e+00 1.780449381476485726e+01 1.612451549659709826e+01 2.459674775249768786e+01 8.000000000000000000e+00 1.612451549659709826e+01 2.400000000000000000e+01 2.475883680627989492e+01 1.300000000000000000e+01 0.000000000000000000e+00
