0.000000000000000000e+00 1.920937271229854559e+01 1.414213562373095101e+01 2.863564212655270680e+01 3.201562118716424266e+01 3.214031735997639316e+01 2.154065922853801496e+01 2.280350850198275836e+01 2.102379604162863913e+01 3.847076812334268681e+01 2.624880949681337583e+01 2.000000000000000000e+01 1.941648783894759944e+01 2.941088233970548416e+01 7.615773105863908654e+00 3.178049716414140846e+01 2.720294101747088789e+01 3.041381265149109936e+01 1.979898987322333070e+01 3.765634076752546378e+01 3.733630940518894192e+01 4.123105625617660586e+00 2.332380757938120297e+01
1.920937271229854559e+01 0.000000000000000000e+00 1.711724276862369010e+01 2.640075756488817049e+01 1.649242250247064234e+01 1.923538406167134340e+01 2.061552812808830382e+01 3.605551275463989125e+00 3.157530680769388809e+01 3.551056180912940619e+01 1.077032961426900748e+01 3.534119409414458346e+01 3.289376840679705083e+01 3.036445290137795183e+01 1.300000000000000000e+01 2.483948469674844262e+01 2.886173937932362321e+01 3.452535300326413648e+01 2.236067977499789805e+00 2.256102834535695578e+01 2.308679276123039159e+01 1.702938636592640265e+01 8.544003745317530374e+00
1.414213562373095101e+01 1.711724276862369010e+01 0.000000000000000000e+00 3.820994634908559817e+01 3.354101966249684352e+01 3.573513677041127323e+01 3.111269837220809009e+01 2.000000000000000000e+01 3.478505426185217431e+01 4.816637831516918311e+01 2.765863337187866122e+01 3.405877273185280529e+01 3.354101966249684352e+01 4.045985664828781836e+01 8.602325267042626677e+00 3.911521443121588959e+01 3.841874542459709119e+01 4.272001872658765365e+01 1.600000000000000000e+01 3.962322551231790158e+01 4.002499219237900263e+01 1.615549442140351033e+01 1.523154621172781731e+01
2.863564212655270680e+01 2.640075756488817049e+01 3.820994634908559817e+01 0.000000000000000000e+00 2.061552812808830382e+01 1.615549442140351033e+01 7.211102550927978250e+00 2.720294101747088789e+01 1.838477631085023489e+01 1.000000000000000000e+01 2.002498439450078749e+01 2.720294101747088789e+01 2.308679276123039159e+01 5.385164807134503739e+00 2.983286778035259701e+01 7.071067811865475505e+00 5.656854249492380582e+00 1.118033988749894903e+01 2.863564212655270680e+01 2.195449840010014952e+01 2.024845673131658685e+01 2.459674775249768786e+01 3.492849839314595783e+01
3.201562118716424266e+01 1.649242250247064234e+01 3.354101966249684352e+01 2.061552812808830382e+01 0.000000000000000000e+00 5.099019513592784492e+00 1.941648783894759944e+01 1.431782106327635340e+01 3.482814953453599571e+01 2.617250465660480074e+01 6.000000000000000000e+00 4.177319714841084419e+01 3.818376618407356915e+01 2.596150997149434048e+01 2.801785145224380003e+01 1.500000000000000000e+01 2.563201123595259290e+01 3.162277660168379256e+01 1.802775637731994607e+01 6.082762530298219339e+00 6.708203932499369415e+00 2.846049894151541437e+01 2.247220505424423109e+01
3.214031735997639316e+01 1.923538406167134340e+01 3.573513677041127323e+01 1.615549442140351033e+01 5.099019513592784492e+00 0.000000000000000000e+00 1.627882059609970611e+01 1.780449381476485726e+01 3.182766092567909766e+01 2.109502310972898798e+01 8.602325267042626677e+00 3.940812099047606409e+01 3.560898762952971452e+01 2.154065922853801496e+01 2.927456233660889495e+01 1.004987562112088995e+01 2.147091055358388800e+01 2.731300056749532601e+01 2.109502310972898798e+01 6.403124237432848531e+00 5.385164807134503739e+00 2.828427124746190202e+01 2.624880949681337583e+01
2.154065922853801496e+01 2.061552812808830382e+01 3.111269837220809009e+01 7.211102550927978250e+00 1.941648783894759944e+01 1.627882059609970611e+01 0.000000000000000000e+00 2.209072203437452231e+01 1.555634918610404505e+01 1.720465053408525335e+01 1.676305461424021104e+01 2.332380757938120297e+01 1.941648783894759944e+01 9.848857801796103928e+00 2.267156809750926882e+01 1.104536101718726115e+01 8.246211251235321171e+00 1.403566884761819900e+01 2.280350850198275836e+01 2.267156809750926882e+01 2.140093455903269515e+01 1.746424919657297892e+01 2.912043955712207222e+01
2.280350850198275836e+01 3.605551275463989125e+00 2.000000000000000000e+01 2.720294101747088789e+01 1.431782106327635340e+01 1.780449381476485726e+01 2.209072203437452231e+01 0.000000000000000000e+00 3.420526275297414287e+01 3.577708763999663688e+01 9.219544457292887074e+00 3.847076812334268681e+01 3.584689665786984136e+01 3.157530680769388809e+01 1.655294535724684835e+01 2.469817807045693669e+01 3.026549190084311292e+01 3.612478373637688378e+01 4.000000000000000000e+00 2.024845673131658685e+01 2.102379604162863913e+01 2.051828452868319275e+01 8.485281374238569541e+00
2.102379604162863913e+01 3.157530680769388809e+01 3.478505426185217431e+01 1.838477631085023489e+01 3.482814953453599571e+01 3.182766092567909766e+01 1.555634918610404505e+01 3.420526275297414287e+01 0.000000000000000000e+00 2.501999200639360765e+01 3.138470965295043058e+01 9.055385138137417300e+00 5.000000000000000000e+00 1.513274595042155646e+01 2.668332812825266842e+01 2.505992817228333536e+01 1.334166406412633421e+01 1.236931687685298087e+01 3.337663853655727308e+01 3.820994634908559817e+01 3.687817782917154830e+01 1.868154169226940553e+01 3.911521443121588959e+01
3.847076812334268681e+01 3.551056180912940619e+01 4.816637831516918311e+01 1.000000000000000000e+01 2.617250465660480074e+01 2.109502310972898798e+01 1.720465053408525335e+01 3.577708763999663688e+01 2.501999200639360765e+01 0.000000000000000000e+00 2.751363298439520833e+01 3.405877273185280529e+01 3.001666203960726875e+01 1.004987562112088995e+01 3.982461550347975532e+01 1.140175425099137918e+01 1.216552506059643868e+01 1.360147050873544394e+01 3.773592452822641263e+01 2.517935662402834396e+01 2.319482700948640286e+01 3.448187929913333249e+01 4.390899680020029905e+01
2.624880949681337583e+01 1.077032961426900748e+01 2.765863337187866122e+01 2.002498439450078749e+01 6.000000000000000000e+00 8.602325267042626677e+00 1.676305461424021104e+01 9.219544457292887074e+00 3.138470965295043058e+01 2.751363298439520833e+01 0.000000000000000000e+00 3.753664875824691904e+01 3.420526275297414287e+01 2.501999200639360765e+01 2.202271554554523902e+01 1.615549442140351033e+01 2.418677324489564739e+01 3.026549190084311292e+01 1.252996408614166768e+01 1.204159457879229578e+01 1.236931687685298087e+01 2.284731931759172596e+01 1.769180601295413169e+01
2.000000000000000000e+01 3.534119409414458346e+01 3.405877273185280529e+01 2.720294101747088789e+01 4.177319714841084419e+01 3.940812099047606409e+01 2.332380757938120297e+01 3.847076812334268681e+01 9.055385138137417300e+00 3.405877273185280529e+01 3.753664875824691904e+01 0.000000000000000000e+00 4.123105625617660586e+00 2.418677324489564739e+01 2.716615541441224835e+01 3.361547262794321966e+01 2.236067977499789805e+01 2.109502310972898798e+01 3.676955262170046979e+01 4.580392996239514503e+01 4.465422712353221613e+01 1.941648783894759944e+01 4.176122603564220270e+01
1.941648783894759944e+01 3.289376840679705083e+01 3.354101966249684352e+01 2.308679276123039159e+01 3.818376618407356915e+01 3.560898762952971452e+01 1.941648783894759944e+01 3.584689665786984136e+01 5.000000000000000000e+00 3.001666203960726875e+01 3.420526275297414287e+01 4.123105625617660586e+00 0.000000000000000000e+00 2.009975124224177989e+01 2.601922366251537611e+01 2.954657340538831534e+01 1.824828759089465890e+01 1.726267650163206824e+01 3.448187929913333249e+01 4.201190307520000999e+01 4.080441152620633005e+01 1.800000000000000000e+01 3.981205847478876336e+01
2.941088233970548416e+01 3.036445290137795183e+01 4.045985664828781836e+01 5.385164807134503739e+00 2.596150997149434048e+01 2.154065922853801496e+01 9.848857801796103928e+00 3.157530680769388809e+01 1.513274595042155646e+01 1.004987562112088995e+01 2.501999200639360765e+01 2.418677324489564739e+01 2.009975124224177989e+01 0.000000000000000000e+00 3.189043743820394994e+01 1.220655561573370207e+01 2.236067977499789805e+00 5.830951894845300743e+00 3.257299494980465937e+01 2.729468812791236232e+01 2.555386467836127551e+01 2.561249694973139412e+01 3.889730067755344578e+01
7.615773105863908654e+00 1.300000000000000000e+01 8.602325267042626677e+00 2.983286778035259701e+01 2.801785145224380003e+01 2.927456233660889495e+01 2.267156809750926882e+01 1.655294535724684835e+01 2.668332812825266842e+01 3.982461550347975532e+01 2.202271554554523902e+01 2.716615541441224835e+01 2.601922366251537611e+01 3.189043743820394994e+01 0.000000000000000000e+00 3.130495168499705727e+01 2.983286778035259701e+01 3.413209633175202384e+01 1.303840481040529831e+01 3.400000000000000000e+01 3.405877273185280529e+01 8.062257748298549132e+00 1.581138830084189628e+01
3.178049716414140846e+01 2.483948469674844262e+01 3.911521443121588959e+01 7.071067811865475505e+00 1.500000000000000000e+01 1.004987562112088995e+01 1.104536101718726115e+01 2.469817807045693669e+01 2.505992817228333536e+01 1.140175425099137918e+01 1.615549442140351033e+01 3.361547262794321966e+01 2.954657340538831534e+01 1.220655561573370207e+01 3.130495168499705727e+01 0.000000000000000000e+00 1.272792206135785520e+01 1.802775637731994607e+01 2.701851217221259205e+01 1.523154621172781731e+01 1.341640786499873883e+01 2.765863337187866122e+01 3.301514803843835466e+01
2.720294101747088789e+01 2.886173937932362321e+01 3.841874542459709119e+01 5.656854249492380582e+00 2.563201123595259290e+01 2.147091055358388800e+01 8.246211251235321171e+00 3.026549190084311292e+01 1.334166406412633421e+01 1.216552506059643868e+01 2.418677324489564739e+01 2.236067977499789805e+01 1.824828759089465890e+01 2.236067977499789805e+00 2.983286778035259701e+01 1.272792206135785520e+01 0.000000000000000000e+00 6.082762530298219339e+00 3.104834939252004844e+01 2.745906043549196340e+01 2.580697580112788003e+01 2.343074902771996193e+01 3.736308338453881106e+01
3.041381265149109936e+01 3.452535300326413648e+01 4.272001872658765365e+01 1.118033988749894903e+01 3.162277660168379256e+01 2.731300056749532601e+01 1.403566884761819900e+01 3.612478373637688378e+01 1.236931687685298087e+01 1.360147050873544394e+01 3.026549190084311292e+01 2.109502310972898798e+01 1.726267650163206824e+01 5.830951894845300743e+00 3.413209633175202384e+01 1.802775637731994607e+01 6.082762530298219339e+00 0.000000000000000000e+00 3.667424164178449786e+01 3.312099032335839155e+01 3.138470965295043058e+01 2.701851217221259205e+01 4.295346318982905842e+01
1.979898987322333070e+01 2.236067977499789805e+00 1.600000000000000000e+01 2.863564212655270680e+01 1.802775637731994607e+01 2.109502310972898798e+01 2.280350850198275836e+01 4.000000000000000000e+00 3.337663853655727308e+01 3.773592452822641263e+01 1.252996408614166768e+01 3.676955262170046979e+01 3.448187929913333249e+01 3.257299494980465937e+01 1.303840481040529831e+01 2.701851217221259205e+01 3.104834939252004844e+01 3.667424164178449786e+01 0.000000000000000000e+00 2.404163056034261459e+01 2.469817807045693669e+01 1.802775637731994607e+01 6.324555320336759046e+00
3.765634076752546378e+01 2.256102834535695578e+01 3.962322551231790158e+01 2.195449840010014952e+01 6.082762530298219339e+00 6.403124237432848531e+00 2.267156809750926882e+01 2.024845673131658685e+01 3.820994634908559817e+01 2.517935662402834396e+01 1.204159457879229578e+01 4.580392996239514503e+01 4.201190307520000999e+01 2.729468812791236232e+01 3.400000000000000000e+01 1.523154621172781731e+01 2.745906043549196340e+01 3.312099032335839155e+01 2.404163056034261459e+01 0.000000000000000000e+00 2.000000000000000000e+00 3.395585369269929288e+01 2.817800560721074277e+01
3.733630940518894192e+01 2.308679276123039159e+01 4.002499219237900263e+01 2.024845673131658685e+01 6.708203932499369415e+00 5.385164807134503739e+00 2.140093455903269515e+01 2.102379604162863913e+01 3.687817782917154830e+01 2.319482700948640286e+01 1.236931687685298087e+01 4.465422712353221613e+01 4.080441152620633005e+01 2.555386467836127551e+01 3.405877273185280529e+01 1.341640786499873883e+01 2.580697580112788003e+01 3.138470965295043058e+01 2.469817807045693669e+01 2.000000000000000000e+00 0.000000000000000000e+00 3.354101966249684352e+01 2.915475947422650194e+01
4.123105625617660586e+00 1.702938636592640265e+01 1.615549442140351033e+01 2.459674775249768786e+01 2.846049894151541437e+01 2.828427124746190202e+01 1.746424919657297892e+01 2.051828452868319275e+01 1.868154169226940553e+01 3.448187929913333249e+01 2.284731931759172596e+01 1.941648783894759944e+01 1.800000000000000000e+01 2.561249694973139412e+01 8.062257748298549132e+00 2.765863337187866122e+01 2.343074902771996193e+01 2.701851217221259205e+01 1.802775637731994607e+01 3.395585369269929288e+01 3.354101966249684352e+01 0.000000000000000000e+00 2.247220505424423109e+01
2.332380757938120297e+01 8.544003745317530374e+00 1.523154621172781731e+01 3.492849839314595783e+01 2.247220505424423109e+01 2.624880949681337583e+01 2.912043955712207222e+01 8.485281374238569541e+00 3.911521443121588959e+01 4.390899680020029905e+01 1.769180601295413169e+01 4.176122603564220270e+01 3.981205847478876336e+01 3.889730067755344578e+01 1.581138830084189628e+01 3.301514803843835466e+01 3.736308338453881106e+01 4.295346318982905842e+01 6.324555320336759046e+00 2.817800560721074277e+01 2.915475947422650194e+01 2.247220505424423109e+01 0.000000000000000000e+00
