0.000000000000000000e+00 8.062257748298549132e+00 5.099019513592784492e+00 1.044030650891055068e+01 1.500000000000000000e+01 7.280109889280518054e+00 1.529705854077835525e+01 8.062257748298549132e+00 6.082762530298219339e+00 8.944271909999159220e+00 1.612451549659709826e+01 1.581138830084189628e+01 1.204159457879229578e+01 1.000000000000000000e+01 1.019803902718556898e+01 1.204159457879229578e+01 1.400000000000000000e+01 4.000000000000000000e+00 1.702938636592640265e+01 6.708203932499369415e+00 1.529705854077835525e+01
8.062257748298549132e+00 0.000000000000000000e+00 1.236931687685298087e+01 1.838477631085023489e+01 2.236067977499789805e+01 1.414213562373095101e+01 2.202271554554523902e+01 1.400000000000000000e+01 5.099019513592784492e+00 1.236931687685298087e+01 1.389244398944980396e+01 1.431782106327635340e+01 1.131370849898476116e+01 4.123105625617660586e+00 1.081665382639196871e+01 7.071067811865475505e+00 1.931320791582796659e+01 1.170469991071962568e+01 1.746424919657297892e+01 1.414213562373095145e+00 1.941648783894759944e+01
5.099019513592784492e+00 1.236931687685298087e+01 0.000000000000000000e+00 6.403124237432848531e+00 1.004987562112088995e+01 2.236067977499789805e+00 1.019803902718556898e+01 3.605551275463989125e+00 1.118033988749894903e+01 1.272792206135785520e+01 2.102379604162863913e+01 2.059126028197400160e+01 1.170469991071962568e+01 1.303840481040529831e+01 9.486832980505138124e+00 1.711724276862369010e+01 1.581138830084189628e+01 1.414213562373095145e+00 2.126029162546929996e+01 1.118033988749894903e+01 1.788854381999831844e+01
1.044030650891055068e+01 1.838477631085023489e+01 6.403124237432848531e+00 0.000000000000000000e+00 5.830951894845300743e+00 5.830951894845300743e+00 7.810249675906653977e+00 7.615773105863908654e+00 1.612451549659709826e+01 1.486606874731850603e+01 2.451530134426252516e+01 2.376972864800942631e+01 1.749285568453590045e+01 1.941648783894759944e+01 1.526433752247374720e+01 2.209072203437452231e+01 1.486606874731850603e+01 6.708203932499369415e+00 2.325940669922601600e+01 1.708800749063506075e+01 1.769180601295413169e+01
1.500000000000000000e+01 2.236067977499789805e+01 1.004987562112088995e+01 5.830951894845300743e+00 0.000000000000000000e+00 8.246211251235321171e+00 3.000000000000000000e+00 8.944271909999159220e+00 2.102379604162863913e+01 2.061552812808830382e+01 3.008321791298264714e+01 2.941088233970548416e+01 1.843908891458577415e+01 2.247220505424423109e+01 1.640121946685672683e+01 2.701851217221259205e+01 2.051828452868319275e+01 1.100000000000000000e+01 2.906888370749726747e+01 2.121320343559642652e+01 2.343074902771996193e+01
7.280109889280518054e+00 1.414213562373095101e+01 2.236067977499789805e+00 5.830951894845300743e+00 8.246211251235321171e+00 0.000000000000000000e+00 8.062257748298549132e+00 2.000000000000000000e+00 1.334166406412633421e+01 1.486606874731850603e+01 2.325940669922601600e+01 2.282542442102665348e+01 1.166190378969060149e+01 1.431782106327635340e+01 9.433981132056603158e+00 1.923538406167134340e+01 1.746424919657297892e+01 3.605551275463989125e+00 2.343074902771996193e+01 1.303840481040529831e+01 1.972308292331602075e+01
1.529705854077835525e+01 2.202271554554523902e+01 1.019803902718556898e+01 7.810249675906653977e+00 3.000000000000000000e+00 8.062257748298549132e+00 0.000000000000000000e+00 8.062257748298549132e+00 2.137755832643194864e+01 2.195449840010014952e+01 3.101612483854164637e+01 3.046309242345563462e+01 1.664331697709323876e+01 2.158703314492290204e+01 1.476482306023340030e+01 2.729468812791236232e+01 2.267156809750926882e+01 1.140175425099137918e+01 3.052867504494749440e+01 2.100000000000000000e+01 2.545584412271571040e+01
8.062257748298549132e+00 1.400000000000000000e+01 3.605551275463989125e+00 7.615773105863908654e+00 8.944271909999159220e+00 2.000000000000000000e+00 8.062257748298549132e+00 0.000000000000000000e+00 1.392838827718411920e+01 1.627882059609970611e+01 2.418677324489564739e+01 2.385372088375312671e+01 1.000000000000000000e+01 1.360147050873544394e+01 7.810249675906653977e+00 1.964688270438849926e+01 1.931320791582796659e+01 5.000000000000000000e+00 2.475883680627989492e+01 1.303840481040529831e+01 2.147091055358388800e+01
6.082762530298219339e+00 5.099019513592784492e+00 1.118033988749894903e+01 1.612451549659709826e+01 2.102379604162863913e+01 1.334166406412633421e+01 2.137755832643194864e+01 1.392838827718411920e+01 0.000000000000000000e+00 7.280109889280518054e+00 1.063014581273464998e+01 1.063014581273464998e+01 1.476482306023340030e+01 9.000000000000000000e+00 1.360147050873544394e+01 6.000000000000000000e+00 1.431782106327635340e+01 1.004987562112088995e+01 1.300000000000000000e+01 4.000000000000000000e+00 1.431782106327635340e+01
8.944271909999159220e+00 1.236931687685298087e+01 1.272792206135785520e+01 1.486606874731850603e+01 2.061552812808830382e+01 1.486606874731850603e+01 2.195449840010014952e+01 1.627882059609970611e+01 7.280109889280518054e+00 0.000000000000000000e+00 1.000000000000000000e+01 9.055385138137417300e+00 2.061552812808830382e+01 1.612451549659709826e+01 1.897366596101027625e+01 1.063014581273464998e+01 7.211102550927978250e+00 1.131370849898476116e+01 8.602325267042626677e+00 1.118033988749894903e+01 7.071067811865475505e+00
1.612451549659709826e+01 1.389244398944980396e+01 2.102379604162863913e+01 2.451530134426252516e+01 3.008321791298264714e+01 2.325940669922601600e+01 3.101612483854164637e+01 2.418677324489564739e+01 1.063014581273464998e+01 1.000000000000000000e+01 0.000000000000000000e+00 1.414213562373095145e+00 2.500000000000000000e+01 1.788854381999831844e+01 2.408318915758459156e+01 7.280109889280518054e+00 1.523154621172781731e+01 1.969771560359220786e+01 5.830951894845300743e+00 1.360147050873544394e+01 1.303840481040529831e+01
1.581138830084189628e+01 1.431782106327635340e+01 2.059126028197400160e+01 2.376972864800942631e+01 2.941088233970548416e+01 2.282542442102665348e+01 3.046309242345563462e+01 2.385372088375312671e+01 1.063014581273464998e+01 9.055385138137417300e+00 1.414213562373095145e+00 0.000000000000000000e+00 2.523885892824792521e+01 1.838477631085023489e+01 2.420743687382040932e+01 8.062257748298549132e+00 1.392838827718411920e+01 1.923538406167134340e+01 4.472135954999579610e+00 1.389244398944980396e+01 1.166190378969060149e+01
1.204159457879229578e+01 1.131370849898476116e+01 1.170469991071962568e+01 1.749285568453590045e+01 1.843908891458577415e+01 1.166190378969060149e+01 1.664331697709323876e+01 1.000000000000000000e+01 1.476482306023340030e+01 2.061552812808830382e+01 2.500000000000000000e+01 2.523885892824792521e+01 0.000000000000000000e+00 8.062257748298549132e+00 2.236067977499789805e+00 1.838477631085023489e+01 2.601922366251537611e+01 1.236931687685298087e+01 2.773084924772409465e+01 1.140175425099137918e+01 2.729468812791236232e+01
1.000000000000000000e+01 4.123105625617660586e+00 1.303840481040529831e+01 1.941648783894759944e+01 2.247220505424423109e+01 1.431782106327635340e+01 2.158703314492290204e+01 1.360147050873544394e+01 9.000000000000000000e+00 1.612451549659709826e+01 1.788854381999831844e+01 1.838477631085023489e+01 8.062257748298549132e+00 0.000000000000000000e+00 8.246211251235321171e+00 1.081665382639196871e+01 2.280350850198275836e+01 1.280624847486569706e+01 2.158703314492290204e+01 5.000000000000000000e+00 2.319482700948640286e+01
1.019803902718556898e+01 1.081665382639196871e+01 9.486832980505138124e+00 1.526433752247374720e+01 1.640121946685672683e+01 9.433981132056603158e+00 1.476482306023340030e+01 7.810249675906653977e+00 1.360147050873544394e+01 1.897366596101027625e+01 2.408318915758459156e+01 2.420743687382040932e+01 2.236067977499789805e+00 8.246211251235321171e+00 0.000000000000000000e+00 1.780449381476485726e+01 2.408318915758459156e+01 1.019803902718556898e+01 2.641968962724581260e+01 1.063014581273464998e+01 2.549509756796392423e+01
1.204159457879229578e+01 7.071067811865475505e+00 1.711724276862369010e+01 2.209072203437452231e+01 2.701851217221259205e+01 1.923538406167134340e+01 2.729468812791236232e+01 1.964688270438849926e+01 6.000000000000000000e+00 1.063014581273464998e+01 7.280109889280518054e+00 8.062257748298549132e+00 1.838477631085023489e+01 1.081665382639196871e+01 1.780449381476485726e+01 0.000000000000000000e+00 1.769180601295413169e+01 1.603121954188139853e+01 1.204159457879229578e+01 7.211102550927978250e+00 1.664331697709323876e+01
1.400000000000000000e+01 1.931320791582796659e+01 1.581138830084189628e+01 1.486606874731850603e+01 2.051828452868319275e+01 1.746424919657297892e+01 2.267156809750926882e+01 1.931320791582796659e+01 1.431782106327635340e+01 7.211102550927978250e+00 1.523154621172781731e+01 1.392838827718411920e+01 2.601922366251537611e+01 2.280350850198275836e+01 2.408318915758459156e+01 1.769180601295413169e+01 0.000000000000000000e+00 1.456021977856103611e+01 1.104536101718726115e+01 1.802775637731994607e+01 3.162277660168379523e+00
4.000000000000000000e+00 1.170469991071962568e+01 1.414213562373095145e+00 6.708203932499369415e+00 1.100000000000000000e+01 3.605551275463989125e+00 1.140175425099137918e+01 5.000000000000000000e+00 1.004987562112088995e+01 1.131370849898476116e+01 1.969771560359220786e+01 1.923538406167134340e+01 1.236931687685298087e+01 1.280624847486569706e+01 1.019803902718556898e+01 1.603121954188139853e+01 1.456021977856103611e+01 0.000000000000000000e+00 1.984943324127920761e+01 1.044030650891055068e+01 1.655294535724684835e+01
1.702938636592640265e+01 1.746424919657297892e+01 2.126029162546929996e+01 2.325940669922601600e+01 2.906888370749726747e+01 2.343074902771996193e+01 3.052867504494749440e+01 2.475883680627989492e+01 1.300000000000000000e+01 8.602325267042626677e+00 5.830951894845300743e+00 4.472135954999579610e+00 2.773084924772409465e+01 2.158703314492290204e+01 2.641968962724581260e+01 1.204159457879229578e+01 1.104536101718726115e+01 1.984943324127920761e+01 0.000000000000000000e+00 1.676305461424021104e+01 8.246211251235321171e+00
6.708203932499369415e+00 1.414213562373095145e+00 1.118033988749894903e+01 1.708800749063506075e+01 2.121320343559642652e+01 1.303840481040529831e+01 2.100000000000000000e+01 1.303840481040529831e+01 4.000000000000000000e+00 1.118033988749894903e+01 1.360147050873544394e+01 1.389244398944980396e+01 1.140175425099137918e+01 5.000000000000000000e+00 1.063014581273464998e+01 7.211102550927978250e+00 1.802775637731994607e+01 1.044030650891055068e+01 1.676305461424021104e+01 0.000000000000000000e+00 1.824828759089465890e+01
1.529705854077835525e+01 1.941648783894759944e+01 1.788854381999831844e+01 1.769180601295413169e+01 2.343074902771996193e+01 1.972308292331602075e+01 2.545584412271571040e+01 2.147091055358388800e+01 1.431782106327635340e+01 7.071067811865475505e+00 1.303840481040529831e+01 1.166190378969060149e+01 2.729468812791236232e+01 2.319482700948640286e+01 2.549509756796392423e+01 1.664331697709323876e+01 3.162277660168379523e+00 1.655294535724684835e+01 8.246211251235321171e+00 1.824828759089465890e+01 0.000000000000000000e+00
