0.000000000000000000e+00 2.118962010041709121e+01 2.061552812808830382e+01 1.403566884761819900e+01 8.062257748298549132e+00 1.081665382639196871e+01 2.236067977499789805e+00 1.476482306023340030e+01 1.941648783894759944e+01 1.486606874731850603e+01 3.206243908376279705e+01 2.640075756488817049e+01 2.459674775249768786e+01 3.206243908376279705e+01 1.118033988749894903e+01 1.941648783894759944e+01 3.023243291566194912e+01 3.573513677041127323e+01 5.099019513592784492e+00 2.683281572999747766e+01 1.920937271229854559e+01 2.507987240796890660e+01
2.118962010041709121e+01 0.000000000000000000e+00 3.679673898594819548e+01 8.485281374238569541e+00 2.915475947422650194e+01 3.052867504494749440e+01 2.340939982143925135e+01 7.000000000000000000e+00 1.104536101718726115e+01 1.341640786499873883e+01 4.295346318982905842e+01 2.302172886644267535e+01 1.811077027627483460e+01 4.477722635447621968e+01 3.140063693621516450e+01 3.860051813123756403e+01 4.891829923454003648e+01 4.197618372363071160e+01 1.615549442140351033e+01 3.201562118716424266e+01 1.964688270438849926e+01 3.162277660168379256e+01
2.061552812808830382e+01 3.679673898594819548e+01 0.000000000000000000e+00 2.831960451701259274e+01 1.612451549659709826e+01 1.104536101718726115e+01 1.923538406167134340e+01 3.244996147917590434e+01 2.884441020371191300e+01 2.420743687382040932e+01 1.389244398944980396e+01 2.630589287593181069e+01 2.846049894151541437e+01 1.236931687685298087e+01 2.280350850198275836e+01 7.211102550927978250e+00 1.300000000000000000e+01 2.126029162546929996e+01 2.325940669922601600e+01 1.746424919657297892e+01 2.154065922853801496e+01 1.529705854077835525e+01
1.403566884761819900e+01 8.485281374238569541e+00 2.831960451701259274e+01 0.000000000000000000e+00 2.158703314492290204e+01 2.236067977499789805e+01 1.612451549659709826e+01 6.082762530298219339e+00 7.071067811865475505e+00 6.000000000000000000e+00 3.511409973215887703e+01 1.838477631085023489e+01 1.442220510185595650e+01 3.667424164178449786e+01 2.501999200639360765e+01 3.023243291566194912e+01 4.045985664828781836e+01 3.512833614050059339e+01 9.000000000000000000e+00 2.507987240796890660e+01 1.303840481040529831e+01 2.433105012119287736e+01
8.062257748298549132e+00 2.915475947422650194e+01 1.612451549659709826e+01 2.158703314492290204e+01 0.000000000000000000e+00 5.099019513592784492e+00 5.830951894845300743e+00 2.282542442102665348e+01 2.600000000000000000e+01 2.102379604162863913e+01 2.941088233970548416e+01 3.046309242345563462e+01 2.983286778035259701e+01 2.844292530665578411e+01 7.211102550927978250e+00 1.264911064067351809e+01 2.325940669922601600e+01 3.498571136907180090e+01 1.300000000000000000e+01 2.758622844826744469e+01 2.340939982143925135e+01 2.549509756796392423e+01
1.081665382639196871e+01 3.052867504494749440e+01 1.104536101718726115e+01 2.236067977499789805e+01 5.099019513592784492e+00 0.000000000000000000e+00 8.944271909999159220e+00 2.483948469674844262e+01 2.549509756796392423e+01 2.039607805437113797e+01 2.435159132377184221e+01 2.789265136196270589e+01 2.807133769523639799e+01 2.334523505985750447e+01 1.208304597359457233e+01 8.602325267042626677e+00 1.941648783894759944e+01 3.023243291566194912e+01 1.486606874731850603e+01 2.343074902771996193e+01 2.121320343559642652e+01 2.126029162546929996e+01
2.236067977499789805e+00 2.340939982143925135e+01 1.923538406167134340e+01 1.612451549659709826e+01 5.830951894845300743e+00 8.944271909999159220e+00 0.000000000000000000e+00 1.700000000000000000e+01 2.121320343559642652e+01 1.649242250247064234e+01 3.125699921617556853e+01 2.745906043549196340e+01 2.600000000000000000e+01 3.100000000000000000e+01 9.486832980505138124e+00 1.749285568453590045e+01 2.830194339616981125e+01 3.546829570193639825e+01 7.280109889280518054e+00 2.692582403567251959e+01 2.024845673131658685e+01 2.505992817228333536e+01
1.476482306023340030e+01 7.000000000000000000e+00 3.244996147917590434e+01 6.082762530298219339e+00 2.282542442102665348e+01 2.483948469674844262e+01 1.700000000000000000e+01 0.000000000000000000e+00 1.252996408614166768e+01 1.204159457879229578e+01 4.052159917870962147e+01 2.435159132377184221e+01 2.012461179749810825e+01 4.178516483155235761e+01 2.451530134426252516e+01 3.324154027718932269e+01 4.386342439892261780e+01 4.104875150354758517e+01 1.000000000000000000e+01 3.101612483854164637e+01 1.910497317454279909e+01 3.014962686336266984e+01
1.941648783894759944e+01 1.104536101718726115e+01 2.884441020371191300e+01 7.071067811865475505e+00 2.600000000000000000e+01 2.549509756796392423e+01 2.121320343559642652e+01 1.252996408614166768e+01 0.000000000000000000e+00 5.099019513592784492e+00 3.275667870831839679e+01 1.216552506059643868e+01 7.615773105863908654e+00 3.500000000000000000e+01 3.059411708155671050e+01 3.231098884280702066e+01 4.167733196834941367e+01 3.104834939252004844e+01 1.486606874731850603e+01 2.118962010041709121e+01 8.944271909999159220e+00 2.102379604162863913e+01
1.486606874731850603e+01 1.341640786499873883e+01 2.420743687382040932e+01 6.000000000000000000e+00 2.102379604162863913e+01 2.039607805437113797e+01 1.649242250247064234e+01 1.204159457879229578e+01 5.099019513592784492e+00 0.000000000000000000e+00 2.954657340538831534e+01 1.303840481040529831e+01 1.000000000000000000e+01 3.138470965295043058e+01 2.596150997149434048e+01 2.731300056749532601e+01 3.689173349139343117e+01 2.915475947422650194e+01 1.081665382639196871e+01 1.910497317454279909e+01 7.071067811865475505e+00 1.843908891458577415e+01
3.206243908376279705e+01 4.295346318982905842e+01 1.389244398944980396e+01 3.511409973215887703e+01 2.941088233970548416e+01 2.435159132377184221e+01 3.125699921617556853e+01 4.052159917870962147e+01 3.275667870831839679e+01 2.954657340538831534e+01 0.000000000000000000e+00 2.483948469674844262e+01 2.900000000000000000e+01 4.000000000000000000e+00 3.640054944640259293e+01 2.061552812808830382e+01 2.024845673131658685e+01 9.219544457292887074e+00 3.313608305156178346e+01 1.280624847486569706e+01 2.385372088375312671e+01 1.204159457879229578e+01
2.640075756488817049e+01 2.302172886644267535e+01 2.630589287593181069e+01 1.838477631085023489e+01 3.046309242345563462e+01 2.789265136196270589e+01 2.745906043549196340e+01 2.435159132377184221e+01 1.216552506059643868e+01 1.303840481040529831e+01 2.483948469674844262e+01 0.000000000000000000e+00 5.099019513592784492e+00 2.801785145224380003e+01 3.671511950137163893e+01 3.200000000000000000e+01 3.905124837953326988e+01 2.059126028197400160e+01 2.334523505985750447e+01 1.204159457879229578e+01 7.211102550927978250e+00 1.303840481040529831e+01
2.459674775249768786e+01 1.811077027627483460e+01 2.846049894151541437e+01 1.442220510185595650e+01 2.983286778035259701e+01 2.807133769523639799e+01 2.600000000000000000e+01 2.012461179749810825e+01 7.615773105863908654e+00 1.000000000000000000e+01 2.900000000000000000e+01 5.099019513592784492e+00 0.000000000000000000e+00 3.189043743820394994e+01 3.546829570193639825e+01 3.337663853655727308e+01 4.143669871020131978e+01 2.549509756796392423e+01 2.080865204668481283e+01 1.640121946685672683e+01 7.071067811865475505e+00 1.697056274847713908e+01
3.206243908376279705e+01 4.477722635447621968e+01 1.236931687685298087e+01 3.667424164178449786e+01 2.844292530665578411e+01 2.334523505985750447e+01 3.100000000000000000e+01 4.178516483155235761e+01 3.500000000000000000e+01 3.138470965295043058e+01 4.000000000000000000e+00 2.801785145224380003e+01 3.189043743820394994e+01 0.000000000000000000e+00 3.517101079013794873e+01 1.835755975068581947e+01 1.655294535724684835e+01 1.315294643796590535e+01 3.373425558686599857e+01 1.612451549659709826e+01 2.624880949681337583e+01 1.500000000000000000e+01
1.118033988749894903e+01 3.140063693621516450e+01 2.280350850198275836e+01 2.501999200639360765e+01 7.211102550927978250e+00 1.208304597359457233e+01 9.486832980505138124e+00 2.451530134426252516e+01 3.059411708155671050e+01 2.596150997149434048e+01 3.640054944640259293e+01 3.671511950137163893e+01 3.546829570193639825e+01 3.517101079013794873e+01 0.000000000000000000e+00 1.800000000000000000e+01 2.765863337187866122e+01 4.219004621945797595e+01 1.603121954188139853e+01 3.471310991541956525e+01 2.952964612046680060e+01 3.264965543462901820e+01
1.941648783894759944e+01 3.860051813123756403e+01 7.211102550927978250e+00 3.023243291566194912e+01 1.264911064067351809e+01 8.602325267042626677e+00 1.749285568453590045e+01 3.324154027718932269e+01 3.231098884280702066e+01 2.731300056749532601e+01 2.061552812808830382e+01 3.200000000000000000e+01 3.337663853655727308e+01 1.835755975068581947e+01 1.800000000000000000e+01 0.000000000000000000e+00 1.081665382639196871e+01 2.842534080710379030e+01 2.334523505985750447e+01 2.435159132377184221e+01 2.630589287593181069e+01 2.213594362117865444e+01
3.023243291566194912e+01 4.891829923454003648e+01 1.300000000000000000e+01 4.045985664828781836e+01 2.325940669922601600e+01 1.941648783894759944e+01 2.830194339616981125e+01 4.386342439892261780e+01 4.167733196834941367e+01 3.689173349139343117e+01 2.024845673131658685e+01 3.905124837953326988e+01 4.143669871020131978e+01 1.655294535724684835e+01 2.765863337187866122e+01 1.081665382639196871e+01 0.000000000000000000e+00 2.941088233970548416e+01 3.405877273185280529e+01 2.901723625709381693e+01 3.453983207834108526e+01 2.707397274136176790e+01
3.573513677041127323e+01 4.197618372363071160e+01 2.126029162546929996e+01 3.512833614050059339e+01 3.498571136907180090e+01 3.023243291566194912e+01 3.546829570193639825e+01 4.104875150354758517e+01 3.104834939252004844e+01 2.915475947422650194e+01 9.219544457292887074e+00 2.059126028197400160e+01 2.549509756796392423e+01 1.315294643796590535e+01 4.219004621945797595e+01 2.842534080710379030e+01 2.941088233970548416e+01 0.000000000000000000e+00 3.551056180912940619e+01 1.004987562112088995e+01 2.236067977499789805e+01 1.104536101718726115e+01
5.099019513592784492e+00 1.615549442140351033e+01 2.325940669922601600e+01 9.000000000000000000e+00 1.300000000000000000e+01 1.486606874731850603e+01 7.280109889280518054e+00 1.000000000000000000e+01 1.486606874731850603e+01 1.081665382639196871e+01 3.313608305156178346e+01 2.334523505985750447e+01 2.080865204668481283e+01 3.373425558686599857e+01 1.603121954188139853e+01 2.334523505985750447e+01 3.405877273185280529e+01 3.551056180912940619e+01 0.000000000000000000e+00 2.596150997149434048e+01 1.640121946685672683e+01 2.451530134426252516e+01
2.683281572999747766e+01 3.201562118716424266e+01 1.746424919657297892e+01 2.507987240796890660e+01 2.758622844826744469e+01 2.343074902771996193e+01 2.692582403567251959e+01 3.101612483854164637e+01 2.118962010041709121e+01 1.910497317454279909e+01 1.280624847486569706e+01 1.204159457879229578e+01 1.640121946685672683e+01 1.612451549659709826e+01 3.471310991541956525e+01 2.435159132377184221e+01 2.901723625709381693e+01 1.004987562112088995e+01 2.596150997149434048e+01 0.000000000000000000e+00 1.236931687685298087e+01 2.236067977499789805e+00
1.920937271229854559e+01 1.964688270438849926e+01 2.154065922853801496e+01 1.303840481040529831e+01 2.340939982143925135e+01 2.121320343559642652e+01 2.024845673131658685e+01 1.910497317454279909e+01 8.944271909999159220e+00 7.071067811865475505e+00 2.385372088375312671e+01 7.211102550927978250e+00 7.071067811865475505e+00 2.624880949681337583e+01 2.952964612046680060e+01 2.630589287593181069e+01 3.453983207834108526e+01 2.236067977499789805e+01 1.640121946685672683e+01 1.236931687685298087e+01 0.000000000000000000e+00 1.208304597359457233e+01
2.507987240796890660e+01 3.162277660168379256e+01 1.529705854077835525e+01 2.433105012119287736e+01 2.549509756796392423e+01 2.126029162546929996e+01 2.505992817228333536e+01 3.014962686336266984e+01 2.102379604162863913e+01 1.843908891458577415e+01 1.204159457879229578e+01 1.303840481040529831e+01 1.697056274847713908e+01 1.500000000000000000e+01 3.264965543462901820e+01 2.213594362117865444e+01 2.707397274136176790e+01 1.104536101718726115e+01 2.451530134426252516e+01 2.236067977499789805e+00 1.208304597359457233e+01 0.000000000000000000e+00
