0.000000000000000000e+00 1.720465053408525335e+01 9.055385138137417300e+00 3.000000000000000000e+00 3.920459156782531807e+01 2.308679276123039159e+01 1.746424919657297892e+01 1.824828759089465890e+01 2.109502310972898798e+01 3.471310991541956525e+01 2.418677324489564739e+01 2.954657340538831534e+01 2.915475947422650194e+01 2.607680962081059661e+01 3.482814953453599571e+01 1.780449381476485726e+01 2.863564212655270680e+01 1.486606874731850603e+01 3.328663395418647752e+01 5.000000000000000000e+00 3.114482300479487265e+01 2.319482700948640286e+01
1.720465053408525335e+01 0.000000000000000000e+00 1.029563014098700080e+01 1.565247584249852864e+01 2.325940669922601600e+01 1.769180601295413169e+01 1.220655561573370207e+01 1.360147050873544394e+01 8.544003745317530374e+00 1.835755975068581947e+01 1.780449381476485726e+01 1.315294643796590535e+01 1.208304597359457233e+01 8.944271909999159220e+00 1.769180601295413169e+01 5.000000000000000000e+00 1.456021977856103611e+01 4.123105625617660586e+00 1.843908891458577415e+01 1.345362404707370985e+01 1.476482306023340030e+01 1.140175425099137918e+01
9.055385138137417300e+00 1.029563014098700080e+01 0.000000000000000000e+00 9.219544457292887074e+00 3.354101966249684352e+01 2.308679276123039159e+01 1.676305461424021104e+01 1.802775637731994607e+01 1.711724276862369010e+01 2.865309756378880479e+01 2.376972864800942631e+01 2.109502310972898798e+01 2.126029162546929996e+01 1.838477631085023489e+01 2.765863337187866122e+01 1.315294643796590535e+01 1.964688270438849926e+01 1.004987562112088995e+01 2.846049894151541437e+01 4.123105625617660586e+00 2.505992817228333536e+01 1.414213562373095101e+01
3.000000000000000000e+00 1.565247584249852864e+01 9.219544457292887074e+00 0.000000000000000000e+00 3.687817782917154830e+01 2.009975124224177989e+01 1.456021977856103611e+01 1.529705854077835525e+01 1.860107523773827509e+01 3.252691193458118590e+01 2.121320343559642652e+01 2.846049894151541437e+01 2.773084924772409465e+01 2.459674775249768786e+01 3.301514803843835466e+01 1.555634918610404505e+01 2.816025568065744622e+01 1.280624847486569706e+01 3.080584360149872580e+01 5.830951894845300743e+00 2.900000000000000000e+01 2.300000000000000000e+01
3.920459156782531807e+01 2.325940669922601600e+01 3.354101966249684352e+01 3.687817782917154830e+01 0.000000000000000000e+00 2.340939982143925135e+01 2.441311123146740414e+01 2.469817807045693669e+01 1.838477631085023489e+01 5.099019513592784492e+00 2.213594362117865444e+01 1.923538406167134340e+01 1.603121954188139853e+01 1.711724276862369010e+01 9.486832980505138124e+00 2.140093455903269515e+01 2.531797780234432693e+01 2.441311123146740414e+01 6.708203932499369415e+00 3.635931792539568619e+01 8.544003745317530374e+00 2.801785145224380003e+01
2.308679276123039159e+01 1.769180601295413169e+01 2.308679276123039159e+01 2.009975124224177989e+01 2.340939982143925135e+01 0.000000000000000000e+00 6.324555320336759046e+00 5.099019513592784492e+00 1.029563014098700080e+01 2.121320343559642652e+01 1.414213562373095145e+00 2.731300056749532601e+01 2.435159132377184221e+01 2.193171219946130890e+01 2.501999200639360765e+01 1.272792206135785520e+01 3.106444913401813324e+01 1.442220510185595650e+01 1.676305461424021104e+01 2.319482700948640286e+01 1.900000000000000000e+01 2.900000000000000000e+01
1.746424919657297892e+01 1.220655561573370207e+01 1.676305461424021104e+01 1.456021977856103611e+01 2.441311123146740414e+01 6.324555320336759046e+00 0.000000000000000000e+00 1.414213562373095145e+00 7.071067811865475505e+00 2.102379604162863913e+01 7.071067811865475505e+00 2.353720459187963954e+01 2.109502310972898798e+01 1.824828759089465890e+01 2.353720459187963954e+01 7.615773105863908654e+00 2.640075756488817049e+01 8.485281374238569541e+00 1.780449381476485726e+01 1.702938636592640265e+01 1.802775637731994607e+01 2.360084744241189370e+01
1.824828759089465890e+01 1.360147050873544394e+01 1.802775637731994607e+01 1.529705854077835525e+01 2.469817807045693669e+01 5.099019513592784492e+00 1.414213562373095145e+00 0.000000000000000000e+00 8.000000000000000000e+00 2.154065922853801496e+01 6.000000000000000000e+00 2.473863375370596174e+01 2.220360331117451835e+01 1.941648783894759944e+01 2.433105012119287736e+01 8.944271909999159220e+00 2.773084924772409465e+01 9.899494936611665352e+00 1.802775637731994607e+01 1.811077027627483460e+01 1.868154169226940553e+01 2.500000000000000000e+01
2.109502310972898798e+01 8.544003745317530374e+00 1.711724276862369010e+01 1.860107523773827509e+01 1.838477631085023489e+01 1.029563014098700080e+01 7.071067811865475505e+00 8.000000000000000000e+00 0.000000000000000000e+00 1.442220510185595650e+01 1.000000000000000000e+01 1.708800749063506075e+01 1.431782106327635340e+01 1.170469991071962568e+01 1.649242250247064234e+01 4.000000000000000000e+00 2.080865204668481283e+01 7.071067811865475505e+00 1.220655561573370207e+01 1.897366596101027625e+01 1.118033988749894903e+01 1.920937271229854559e+01
3.471310991541956525e+01 1.835755975068581947e+01 2.865309756378880479e+01 3.252691193458118590e+01 5.099019513592784492e+00 2.121320343559642652e+01 2.102379604162863913e+01 2.154065922853801496e+01 1.442220510185595650e+01 0.000000000000000000e+00 2.009975124224177989e+01 1.456021977856103611e+01 1.118033988749894903e+01 1.204159457879229578e+01 5.656854249492380582e+00 1.697056274847713908e+01 2.061552812808830382e+01 1.984943324127920761e+01 5.385164807134503739e+00 3.162277660168379256e+01 3.605551275463989125e+00 2.300000000000000000e+01
2.418677324489564739e+01 1.780449381476485726e+01 2.376972864800942631e+01 2.121320343559642652e+01 2.213594362117865444e+01 1.414213562373095145e+00 7.071067811865475505e+00 6.000000000000000000e+00 1.000000000000000000e+01 2.009975124224177989e+01 0.000000000000000000e+00 2.683281572999747766e+01 2.376972864800942631e+01 2.147091055358388800e+01 2.408318915758459156e+01 1.280624847486569706e+01 3.080584360149872580e+01 1.476482306023340030e+01 1.552417469626002422e+01 2.408318915758459156e+01 1.802775637731994607e+01 2.900000000000000000e+01
2.954657340538831534e+01 1.315294643796590535e+01 2.109502310972898798e+01 2.846049894151541437e+01 1.923538406167134340e+01 2.731300056749532601e+01 2.353720459187963954e+01 2.473863375370596174e+01 1.708800749063506075e+01 1.456021977856103611e+01 2.683281572999747766e+01 0.000000000000000000e+00 3.605551275463989125e+00 5.385164807134503739e+00 1.000000000000000000e+01 1.612451549659709826e+01 6.082762530298219339e+00 1.702938636592640265e+01 1.835755975068581947e+01 2.505992817228333536e+01 1.252996408614166768e+01 9.848857801796103928e+00
2.915475947422650194e+01 1.208304597359457233e+01 2.126029162546929996e+01 2.773084924772409465e+01 1.603121954188139853e+01 2.435159132377184221e+01 2.109502310972898798e+01 2.220360331117451835e+01 1.431782106327635340e+01 1.118033988749894903e+01 2.376972864800942631e+01 3.605551275463989125e+00 0.000000000000000000e+00 3.162277660168379523e+00 7.280109889280518054e+00 1.403566884761819900e+01 9.486832980505138124e+00 1.552417469626002422e+01 1.476482306023340030e+01 2.500000000000000000e+01 8.944271909999159220e+00 1.216552506059643868e+01
2.607680962081059661e+01 8.944271909999159220e+00 1.838477631085023489e+01 2.459674775249768786e+01 1.711724276862369010e+01 2.193171219946130890e+01 1.824828759089465890e+01 1.941648783894759944e+01 1.170469991071962568e+01 1.204159457879229578e+01 2.147091055358388800e+01 5.385164807134503739e+00 3.162277660168379523e+00 0.000000000000000000e+00 9.433981132056603158e+00 1.100000000000000000e+01 1.000000000000000000e+01 1.236931687685298087e+01 1.456021977856103611e+01 2.202271554554523902e+01 9.055385138137417300e+00 1.104536101718726115e+01
3.482814953453599571e+01 1.769180601295413169e+01 2.765863337187866122e+01 3.301514803843835466e+01 9.486832980505138124e+00 2.501999200639360765e+01 2.353720459187963954e+01 2.433105012119287736e+01 1.649242250247064234e+01 5.656854249492380582e+00 2.408318915758459156e+01 1.000000000000000000e+01 7.280109889280518054e+00 9.433981132056603158e+00 0.000000000000000000e+00 1.788854381999831844e+01 1.603121954188139853e+01 2.024845673131658685e+01 1.081665382639196871e+01 3.111269837220809009e+01 6.082762530298219339e+00 1.941648783894759944e+01
1.780449381476485726e+01 5.000000000000000000e+00 1.315294643796590535e+01 1.555634918610404505e+01 2.140093455903269515e+01 1.272792206135785520e+01 7.615773105863908654e+00 8.944271909999159220e+00 4.000000000000000000e+00 1.697056274847713908e+01 1.280624847486569706e+01 1.612451549659709826e+01 1.403566884761819900e+01 1.100000000000000000e+01 1.788854381999831844e+01 0.000000000000000000e+00 1.878829422805593552e+01 3.162277660168379523e+00 1.565247584249852864e+01 1.523154621172781731e+01 1.345362404707370985e+01 1.627882059609970611e+01
2.863564212655270680e+01 1.456021977856103611e+01 1.964688270438849926e+01 2.816025568065744622e+01 2.531797780234432693e+01 3.106444913401813324e+01 2.640075756488817049e+01 2.773084924772409465e+01 2.080865204668481283e+01 2.061552812808830382e+01 3.080584360149872580e+01 6.082762530298219339e+00 9.486832980505138124e+00 1.000000000000000000e+01 1.603121954188139853e+01 1.878829422805593552e+01 0.000000000000000000e+00 1.868154169226940553e+01 2.416609194718914466e+01 2.376972864800942631e+01 1.838477631085023489e+01 5.830951894845300743e+00
1.486606874731850603e+01 4.123105625617660586e+00 1.004987562112088995e+01 1.280624847486569706e+01 2.441311123146740414e+01 1.442220510185595650e+01 8.485281374238569541e+00 9.899494936611665352e+00 7.071067811865475505e+00 1.984943324127920761e+01 1.476482306023340030e+01 1.702938636592640265e+01 1.552417469626002422e+01 1.236931687685298087e+01 2.024845673131658685e+01 3.162277660168379523e+00 1.868154169226940553e+01 0.000000000000000000e+00 1.878829422805593552e+01 1.208304597359457233e+01 1.627882059609970611e+01 1.526433752247374720e+01
3.328663395418647752e+01 1.843908891458577415e+01 2.846049894151541437e+01 3.080584360149872580e+01 6.708203932499369415e+00 1.676305461424021104e+01 1.780449381476485726e+01 1.802775637731994607e+01 1.220655561573370207e+01 5.385164807134503739e+00 1.552417469626002422e+01 1.835755975068581947e+01 1.476482306023340030e+01 1.456021977856103611e+01 1.081665382639196871e+01 1.565247584249852864e+01 2.416609194718914466e+01 1.878829422805593552e+01 0.000000000000000000e+00 3.087069808086626210e+01 5.830951894845300743e+00 2.549509756796392423e+01
5.000000000000000000e+00 1.345362404707370985e+01 4.123105625617660586e+00 5.830951894845300743e+00 3.635931792539568619e+01 2.319482700948640286e+01 1.702938636592640265e+01 1.811077027627483460e+01 1.897366596101027625e+01 3.162277660168379256e+01 2.408318915758459156e+01 2.505992817228333536e+01 2.500000000000000000e+01 2.202271554554523902e+01 3.111269837220809009e+01 1.523154621172781731e+01 2.376972864800942631e+01 1.208304597359457233e+01 3.087069808086626210e+01 0.000000000000000000e+00 2.801785145224380003e+01 1.824828759089465890e+01
3.114482300479487265e+01 1.476482306023340030e+01 2.505992817228333536e+01 2.900000000000000000e+01 8.544003745317530374e+00 1.900000000000000000e+01 1.802775637731994607e+01 1.868154169226940553e+01 1.118033988749894903e+01 3.605551275463989125e+00 1.802775637731994607e+01 1.252996408614166768e+01 8.944271909999159220e+00 9.055385138137417300e+00 6.082762530298219339e+00 1.345362404707370985e+01 1.838477631085023489e+01 1.627882059609970611e+01 5.830951894845300743e+00 2.801785145224380003e+01 0.000000000000000000e+00 2.009975124224177989e+01
2.319482700948640286e+01 1.140175425099137918e+01 1.414213562373095101e+01 2.300000000000000000e+01 2.801785145224380003e+01 2.900000000000000000e+01 2.360084744241189370e+01 2.500000000000000000e+01 1.920937271229854559e+01 2.300000000000000000e+01 2.900000000000000000e+01 9.848857801796103928e+00 1.216552506059643868e+01 1.104536101718726115e+01 1.941648783894759944e+01 1.627882059609970611e+01 5.830951894845300743e+00 1.526433752247374720e+01 2.549509756796392423e+01 1.824828759089465890e+01 2.009975124224177989e+01 0.000000000000000000e+00
