0.000000000000000000e+00 1.280624847486569706e+01 2.507987240796890660e+01 1.303840481040529831e+01 2.209072203437452231e+01 1.811077027627483460e+01 1.746424919657297892e+01 2.256102834535695578e+01 2.828427124746190202e+01 8.485281374238569541e+00 1.802775637731994607e+01 1.612451549659709826e+01 4.472135954999579610e+00 6.324555320336759046e+00 5.099019513592784492e+00 7.211102550927978250e+00 1.414213562373095145e+00 2.690724809414741969e+01 1.700000000000000000e+01 2.118962010041709121e+01 1.100000000000000000e+01 2.102379604162863913e+01 2.817800560721074277e+01
1.280624847486569706e+01 0.000000000000000000e+00 1.615549442140351033e+01 2.284731931759172596e+01 1.341640786499873883e+01 1.000000000000000000e+01 2.570992026436488231e+01 3.354101966249684352e+01 2.973213749463701205e+01 2.126029162546929996e+01 2.751363298439520833e+01 2.209072203437452231e+01 1.720465053408525335e+01 1.216552506059643868e+01 1.749285568453590045e+01 6.324555320336759046e+00 1.303840481040529831e+01 2.912043955712207222e+01 1.063014581273464998e+01 1.802775637731994607e+01 2.147091055358388800e+01 1.303840481040529831e+01 2.580697580112788003e+01
2.507987240796890660e+01 1.615549442140351033e+01 0.000000000000000000e+00 2.830194339616981125e+01 3.000000000000000000e+00 7.000000000000000000e+00 2.831960451701259274e+01 3.841874542459709119e+01 2.256102834535695578e+01 3.201562118716424266e+01 3.124099870362661591e+01 2.334523505985750447e+01 2.927456233660889495e+01 2.729468812791236232e+01 3.014962686336266984e+01 2.137755832643194864e+01 2.601922366251537611e+01 2.308679276123039159e+01 8.246211251235321171e+00 1.029563014098700080e+01 2.817800560721074277e+01 4.123105625617660586e+00 1.500000000000000000e+01
1.303840481040529831e+01 2.284731931759172596e+01 2.830194339616981125e+01 0.000000000000000000e+00 2.580697580112788003e+01 2.267156809750926882e+01 5.000000000000000000e+00 1.081665382639196871e+01 2.024845673131658685e+01 9.899494936611665352e+00 5.000000000000000000e+00 7.071067811865475505e+00 1.208304597359457233e+01 1.923538406167134340e+01 1.341640786499873883e+01 1.923538406167134340e+01 1.414213562373095101e+01 1.838477631085023489e+01 2.061552812808830382e+01 1.992485884517127559e+01 2.236067977499789805e+00 2.441311123146740414e+01 2.400000000000000000e+01
2.209072203437452231e+01 1.341640786499873883e+01 3.000000000000000000e+00 2.580697580112788003e+01 0.000000000000000000e+00 4.000000000000000000e+00 2.617250465660480074e+01 3.612478373637688378e+01 2.209072203437452231e+01 2.912043955712207222e+01 2.900000000000000000e+01 2.126029162546929996e+01 2.630589287593181069e+01 2.433105012119287736e+01 2.716615541441224835e+01 1.843908891458577415e+01 2.302172886644267535e+01 2.236067977499789805e+01 5.385164807134503739e+00 9.219544457292887074e+00 2.555386467836127551e+01 1.414213562373095145e+00 1.529705854077835525e+01
1.811077027627483460e+01 1.000000000000000000e+01 7.000000000000000000e+00 2.267156809750926882e+01 4.000000000000000000e+00 0.000000000000000000e+00 2.360084744241189370e+01 3.324154027718932269e+01 2.209072203437452231e+01 2.529822128134703618e+01 2.624880949681337583e+01 1.886796226411320632e+01 2.236067977499789805e+01 2.039607805437113797e+01 2.319482700948640286e+01 1.456021977856103611e+01 1.902629759044044633e+01 2.200000000000000000e+01 2.236067977499789805e+00 9.219544457292887074e+00 2.220360331117451835e+01 3.162277660168379523e+00 1.655294535724684835e+01
1.746424919657297892e+01 2.570992026436488231e+01 2.831960451701259274e+01 5.000000000000000000e+00 2.617250465660480074e+01 2.360084744241189370e+01 0.000000000000000000e+00 1.029563014098700080e+01 1.627882059609970611e+01 1.486606874731850603e+01 3.162277660168379523e+00 5.000000000000000000e+00 1.700000000000000000e+01 2.376972864800942631e+01 1.835755975068581947e+01 2.300000000000000000e+01 1.868154169226940553e+01 1.431782106327635340e+01 2.140093455903269515e+01 1.886796226411320632e+01 7.211102550927978250e+00 2.475883680627989492e+01 2.137755832643194864e+01
2.256102834535695578e+01 3.354101966249684352e+01 3.841874542459709119e+01 1.081665382639196871e+01 3.612478373637688378e+01 3.324154027718932269e+01 1.029563014098700080e+01 0.000000000000000000e+00 2.507987240796890660e+01 1.603121954188139853e+01 7.211102550927978250e+00 1.526433752247374720e+01 2.002498439450078749e+01 2.816025568065744622e+01 2.100000000000000000e+01 2.941088233970548416e+01 2.334523505985750447e+01 2.308679276123039159e+01 3.111269837220809009e+01 2.915475947422650194e+01 1.208304597359457233e+01 3.471310991541956525e+01 3.132091952673165025e+01
2.828427124746190202e+01 2.973213749463701205e+01 2.256102834535695578e+01 2.024845673131658685e+01 2.209072203437452231e+01 2.209072203437452231e+01 1.627882059609970611e+01 2.507987240796890660e+01 0.000000000000000000e+00 2.952964612046680060e+01 1.910497317454279909e+01 1.341640786499873883e+01 3.000000000000000000e+01 3.405877273185280529e+01 3.140063693621516450e+01 3.052867504494749440e+01 2.969848480983499428e+01 2.000000000000000000e+00 2.022374841615668473e+01 1.300000000000000000e+01 2.193171219946130890e+01 2.102379604162863913e+01 8.602325267042626677e+00
8.485281374238569541e+00 2.126029162546929996e+01 3.201562118716424266e+01 9.899494936611665352e+00 2.912043955712207222e+01 2.529822128134703618e+01 1.486606874731850603e+01 1.603121954188139853e+01 2.952964612046680060e+01 0.000000000000000000e+00 1.389244398944980396e+01 1.612451549659709826e+01 4.472135954999579610e+00 1.264911064067351809e+01 5.099019513592784492e+00 1.562049935181330795e+01 8.602325267042626677e+00 2.778488797889960793e+01 2.376972864800942631e+01 2.601922366251537611e+01 7.810249675906653977e+00 2.789265136196270589e+01 3.178049716414140846e+01
1.802775637731994607e+01 2.751363298439520833e+01 3.124099870362661591e+01 5.000000000000000000e+00 2.900000000000000000e+01 2.624880949681337583e+01 3.162277660168379523e+00 7.211102550927978250e+00 1.910497317454279909e+01 1.389244398944980396e+01 0.000000000000000000e+00 8.062257748298549132e+00 1.676305461424021104e+01 2.418677324489564739e+01 1.802775637731994607e+01 2.418677324489564739e+01 1.910497317454279909e+01 1.711724276862369010e+01 2.408318915758459156e+01 2.195449840010014952e+01 7.071067811865475505e+00 2.758622844826744469e+01 2.451530134426252516e+01
1.612451549659709826e+01 2.209072203437452231e+01 2.334523505985750447e+01 7.071067811865475505e+00 2.126029162546929996e+01 1.886796226411320632e+01 5.000000000000000000e+00 1.526433752247374720e+01 1.341640786499873883e+01 1.612451549659709826e+01 8.062257748298549132e+00 0.000000000000000000e+00 1.697056274847713908e+01 2.236067977499789805e+01 1.838477631085023489e+01 2.039607805437113797e+01 1.749285568453590045e+01 1.166190378969060149e+01 1.664331697709323876e+01 1.389244398944980396e+01 8.544003745317530374e+00 1.984943324127920761e+01 1.702938636592640265e+01
4.472135954999579610e+00 1.720465053408525335e+01 2.927456233660889495e+01 1.208304597359457233e+01 2.630589287593181069e+01 2.236067977499789805e+01 1.700000000000000000e+01 2.002498439450078749e+01 3.000000000000000000e+01 4.472135954999579610e+00 1.676305461424021104e+01 1.697056274847713908e+01 0.000000000000000000e+00 8.246211251235321171e+00 1.414213562373095145e+00 1.131370849898476116e+01 4.242640687119284770e+00 2.842534080710379030e+01 2.109502310972898798e+01 2.451530134426252516e+01 9.848857801796103928e+00 2.517935662402834396e+01 3.101612483854164637e+01
6.324555320336759046e+00 1.216552506059643868e+01 2.729468812791236232e+01 1.923538406167134340e+01 2.433105012119287736e+01 2.039607805437113797e+01 2.376972864800942631e+01 2.816025568065744622e+01 3.405877273185280529e+01 1.264911064067351809e+01 2.418677324489564739e+01 2.236067977499789805e+01 8.246211251235321171e+00 0.000000000000000000e+00 7.615773105863908654e+00 6.000000000000000000e+00 5.099019513592784492e+00 3.280243893371345365e+01 1.992485884517127559e+01 2.555386467836127551e+01 1.711724276862369010e+01 2.353720459187963954e+01 3.301514803843835466e+01
5.099019513592784492e+00 1.749285568453590045e+01 3.014962686336266984e+01 1.341640786499873883e+01 2.716615541441224835e+01 2.319482700948640286e+01 1.835755975068581947e+01 2.100000000000000000e+01 3.140063693621516450e+01 5.099019513592784492e+00 1.802775637731994607e+01 1.838477631085023489e+01 1.414213562373095145e+00 7.615773105863908654e+00 0.000000000000000000e+00 1.140175425099137918e+01 4.472135954999579610e+00 2.983286778035259701e+01 2.202271554554523902e+01 2.570992026436488231e+01 1.118033988749894903e+01 2.607680962081059661e+01 3.231098884280702066e+01
7.211102550927978250e+00 6.324555320336759046e+00 2.137755832643194864e+01 1.923538406167134340e+01 1.843908891458577415e+01 1.456021977856103611e+01 2.300000000000000000e+01 2.941088233970548416e+01 3.052867504494749440e+01 1.562049935181330795e+01 2.418677324489564739e+01 2.039607805437113797e+01 1.131370849898476116e+01 6.000000000000000000e+00 1.140175425099137918e+01 0.000000000000000000e+00 7.071067811865475505e+00 2.952964612046680060e+01 1.431782106327635340e+01 2.061552812808830382e+01 1.746424919657297892e+01 1.772004514666934938e+01 2.831960451701259274e+01
1.414213562373095145e+00 1.303840481040529831e+01 2.601922366251537611e+01 1.414213562373095101e+01 2.302172886644267535e+01 1.902629759044044633e+01 1.868154169226940553e+01 2.334523505985750447e+01 2.969848480983499428e+01 8.602325267042626677e+00 1.910497317454279909e+01 1.749285568453590045e+01 4.242640687119284770e+00 5.099019513592784492e+00 4.472135954999579610e+00 7.071067811865475505e+00 0.000000000000000000e+00 2.831960451701259274e+01 1.802775637731994607e+01 2.247220505424423109e+01 1.204159457879229578e+01 2.200000000000000000e+01 2.952964612046680060e+01
2.690724809414741969e+01 2.912043955712207222e+01 2.308679276123039159e+01 1.838477631085023489e+01 2.236067977499789805e+01 2.200000000000000000e+01 1.431782106327635340e+01 2.308679276123039159e+01 2.000000000000000000e+00 2.778488797889960793e+01 1.711724276862369010e+01 1.166190378969060149e+01 2.842534080710379030e+01 3.280243893371345365e+01 2.983286778035259701e+01 2.952964612046680060e+01 2.831960451701259274e+01 0.000000000000000000e+00 2.002498439450078749e+01 1.315294643796590535e+01 2.012461179749810825e+01 2.121320343559642652e+01 9.899494936611665352e+00
1.700000000000000000e+01 1.063014581273464998e+01 8.246211251235321171e+00 2.061552812808830382e+01 5.385164807134503739e+00 2.236067977499789805e+00 2.140093455903269515e+01 3.111269837220809009e+01 2.022374841615668473e+01 2.376972864800942631e+01 2.408318915758459156e+01 1.664331697709323876e+01 2.109502310972898798e+01 1.992485884517127559e+01 2.202271554554523902e+01 1.431782106327635340e+01 1.802775637731994607e+01 2.002498439450078749e+01 0.000000000000000000e+00 7.615773105863908654e+00 2.024845673131658685e+01 4.123105625617660586e+00 1.526433752247374720e+01
2.118962010041709121e+01 1.802775637731994607e+01 1.029563014098700080e+01 1.992485884517127559e+01 9.219544457292887074e+00 9.219544457292887074e+00 1.886796226411320632e+01 2.915475947422650194e+01 1.300000000000000000e+01 2.601922366251537611e+01 2.195449840010014952e+01 1.389244398944980396e+01 2.451530134426252516e+01 2.555386467836127551e+01 2.570992026436488231e+01 2.061552812808830382e+01 2.247220505424423109e+01 1.315294643796590535e+01 7.615773105863908654e+00 0.000000000000000000e+00 2.039607805437113797e+01 8.062257748298549132e+00 7.810249675906653977e+00
1.100000000000000000e+01 2.147091055358388800e+01 2.817800560721074277e+01 2.236067977499789805e+00 2.555386467836127551e+01 2.220360331117451835e+01 7.211102550927978250e+00 1.208304597359457233e+01 2.193171219946130890e+01 7.810249675906653977e+00 7.071067811865475505e+00 8.544003745317530374e+00 9.848857801796103928e+00 1.711724276862369010e+01 1.118033988749894903e+01 1.746424919657297892e+01 1.204159457879229578e+01 2.012461179749810825e+01 2.024845673131658685e+01 2.039607805437113797e+01 0.000000000000000000e+00 2.418677324489564739e+01 2.507987240796890660e+01
2.102379604162863913e+01 1.303840481040529831e+01 4.123105625617660586e+00 2.441311123146740414e+01 1.414213562373095145e+00 3.162277660168379523e+00 2.475883680627989492e+01 3.471310991541956525e+01 2.102379604162863913e+01 2.789265136196270589e+01 2.758622844826744469e+01 1.984943324127920761e+01 2.517935662402834396e+01 2.353720459187963954e+01 2.607680962081059661e+01 1.772004514666934938e+01 2.200000000000000000e+01 2.121320343559642652e+01 4.123105625617660586e+00 8.062257748298549132e+00 2.418677324489564739e+01 0.000000000000000000e+00 1.456021977856103611e+01
2.817800560721074277e+01 2.580697580112788003e+01 1.500000000000000000e+01 2.400000000000000000e+01 1.529705854077835525e+01 1.655294535724684835e+01 2.137755832643194864e+01 3.132091952673165025e+01 8.602325267042626677e+00 3.178049716414140846e+01 2.451530134426252516e+01 1.702938636592640265e+01 3.101612483854164637e+01 3.301514803843835466e+01 3.231098884280702066e+01 2.831960451701259274e+01 2.952964612046680060e+01 9.899494936611665352e+00 1.526433752247374720e+01 7.810249675906653977e+00 2.507987240796890660e+01 1.456021977856103611e+01 0.000000000000000000e+00
