0.000000000000000000e+00 2.340939982143925135e+01 9.433981132056603158e+00 2.433105012119287736e+01 6.000000000000000000e+00 1.552417469626002422e+01 4.242640687119284770e+00 2.024845673131658685e+01 2.729468812791236232e+01 1.772004514666934938e+01 2.657066051117284644e+01 1.910497317454279909e+01 1.969771560359220786e+01 2.863564212655270680e+01 2.517935662402834396e+01 2.433105012119287736e+01 1.772004514666934938e+01 3.088689042296100240e+01 1.140175425099137918e+01 1.000000000000000000e+01 1.749285568453590045e+01
2.340939982143925135e+01 0.000000000000000000e+00 1.910497317454279909e+01 4.472135954999579610e+00 2.607680962081059661e+01 3.471310991541956525e+01 2.731300056749532601e+01 3.962322551231790158e+01 2.109502310972898798e+01 3.679673898594819548e+01 1.726267650163206824e+01 9.433981132056603158e+00 1.720465053408525335e+01 5.656854249492380582e+00 5.830951894845300743e+00 1.216552506059643868e+01 3.023243291566194912e+01 2.353720459187963954e+01 3.361547262794321966e+01 3.224903099319419653e+01 2.641968962724581260e+01
9.433981132056603158e+00 1.910497317454279909e+01 0.000000000000000000e+00 1.835755975068581947e+01 8.062257748298549132e+00 1.562049935181330795e+01 1.118033988749894903e+01 2.051828452868319275e+01 1.788854381999831844e+01 1.769180601295413169e+01 1.746424919657297892e+01 1.897366596101027625e+01 2.300000000000000000e+01 2.475883680627989492e+01 1.878829422805593552e+01 1.603121954188139853e+01 1.236931687685298087e+01 2.147091055358388800e+01 1.552417469626002422e+01 1.431782106327635340e+01 1.004987562112088995e+01
2.433105012119287736e+01 4.472135954999579610e+00 1.835755975068581947e+01 0.000000000000000000e+00 2.600000000000000000e+01 3.383784863137726262e+01 2.789265136196270589e+01 3.860051813123756403e+01 1.700000000000000000e+01 3.580502757993631491e+01 1.303840481040529831e+01 1.345362404707370985e+01 2.126029162546929996e+01 8.246211251235321171e+00 1.414213562373095145e+00 8.000000000000000000e+00 2.831960451701259274e+01 1.923538406167134340e+01 3.361547262794321966e+01 3.231098884280702066e+01 2.420743687382040932e+01
6.000000000000000000e+00 2.607680962081059661e+01 8.062257748298549132e+00 2.600000000000000000e+01 0.000000000000000000e+00 9.848857801796103928e+00 4.242640687119284770e+00 1.476482306023340030e+01 2.500000000000000000e+01 1.208304597359457233e+01 2.517935662402834396e+01 2.360084744241189370e+01 2.529822128134703618e+01 3.162277660168379256e+01 2.657066051117284644e+01 2.408318915758459156e+01 1.208304597359457233e+01 2.846049894151541437e+01 7.615773105863908654e+00 6.324555320336759046e+00 1.272792206135785520e+01
1.552417469626002422e+01 3.471310991541956525e+01 1.562049935181330795e+01 3.383784863137726262e+01 9.848857801796103928e+00 0.000000000000000000e+00 1.204159457879229578e+01 5.000000000000000000e+00 2.807133769523639799e+01 2.236067977499789805e+00 2.961418578992169515e+01 3.328663395418647752e+01 3.511409973215887703e+01 4.036087214122112954e+01 3.413209633175202384e+01 3.008321791298264714e+01 9.219544457292887074e+00 3.100000000000000000e+01 6.708203932499369415e+00 7.280109889280518054e+00 1.300000000000000000e+01
4.242640687119284770e+00 2.731300056749532601e+01 1.118033988749894903e+01 2.789265136196270589e+01 4.242640687119284770e+00 1.204159457879229578e+01 0.000000000000000000e+00 1.649242250247064234e+01 2.879236009777593708e+01 1.414213562373095101e+01 2.863564212655270680e+01 2.334523505985750447e+01 2.370653918225939449e+01 3.264965543462901820e+01 2.863564212655270680e+01 2.701851217221259205e+01 1.612451549659709826e+01 3.231098884280702066e+01 7.211102550927978250e+00 5.830951894845300743e+00 1.697056274847713908e+01
2.024845673131658685e+01 3.962322551231790158e+01 2.051828452868319275e+01 3.860051813123756403e+01 1.476482306023340030e+01 5.000000000000000000e+00 1.649242250247064234e+01 0.000000000000000000e+00 3.157530680769388809e+01 2.828427124746190291e+00 3.352610922848042208e+01 3.827531841800927737e+01 3.992492955535426091e+01 4.527692569068708650e+01 3.883297567789519888e+01 3.443835071544512516e+01 1.216552506059643868e+01 3.423448553724738019e+01 1.000000000000000000e+01 1.104536101718726115e+01 1.649242250247064234e+01
2.729468812791236232e+01 2.109502310972898798e+01 1.788854381999831844e+01 1.700000000000000000e+01 2.500000000000000000e+01 2.807133769523639799e+01 2.879236009777593708e+01 3.157530680769388809e+01 0.000000000000000000e+00 2.927456233660889495e+01 4.123105625617660586e+00 2.785677655436823841e+01 3.488552708502481892e+01 2.507987240796890660e+01 1.603121954188139853e+01 9.000000000000000000e+00 1.941648783894759944e+01 3.605551275463989125e+00 3.125699921617556853e+01 3.041381265149109936e+01 1.513274595042155646e+01
1.772004514666934938e+01 3.679673898594819548e+01 1.769180601295413169e+01 3.580502757993631491e+01 1.208304597359457233e+01 2.236067977499789805e+00 1.414213562373095101e+01 2.828427124746190291e+00 2.927456233660889495e+01 0.000000000000000000e+00 3.104834939252004844e+01 3.551056180912940619e+01 3.733630940518894192e+01 4.244997055358224713e+01 3.605551275463989214e+01 3.178049716414140846e+01 1.000000000000000000e+01 3.206243908376279705e+01 8.246211251235321171e+00 9.055385138137417300e+00 1.414213562373095101e+01
2.657066051117284644e+01 1.726267650163206824e+01 1.746424919657297892e+01 1.303840481040529831e+01 2.517935662402834396e+01 2.961418578992169515e+01 2.863564212655270680e+01 3.352610922848042208e+01 4.123105625617660586e+00 3.104834939252004844e+01 0.000000000000000000e+00 2.459674775249768786e+01 3.190611226708763226e+01 2.102379604162863913e+01 1.200000000000000000e+01 5.099019513592784492e+00 2.154065922853801496e+01 6.324555320336759046e+00 3.200000000000000000e+01 3.101612483854164637e+01 1.708800749063506075e+01
1.910497317454279909e+01 9.433981132056603158e+00 1.897366596101027625e+01 1.345362404707370985e+01 2.360084744241189370e+01 3.328663395418647752e+01 2.334523505985750447e+01 3.827531841800927737e+01 2.785677655436823841e+01 3.551056180912940619e+01 2.459674775249768786e+01 0.000000000000000000e+00 7.810249675906653977e+00 1.204159457879229578e+01 1.486606874731850603e+01 1.972308292331602075e+01 3.132091952673165025e+01 3.087069808086626210e+01 3.041381265149109936e+01 2.900000000000000000e+01 2.844292530665578411e+01
1.969771560359220786e+01 1.720465053408525335e+01 2.300000000000000000e+01 2.126029162546929996e+01 2.529822128134703618e+01 3.511409973215887703e+01 2.370653918225939449e+01 3.992492955535426091e+01 3.488552708502481892e+01 3.733630940518894192e+01 3.190611226708763226e+01 7.810249675906653977e+00 0.000000000000000000e+00 1.897366596101027625e+01 2.267156809750926882e+01 2.720294101747088789e+01 3.512833614050059339e+01 3.807886552931954327e+01 3.088689042296100240e+01 2.952964612046680060e+01 3.301514803843835466e+01
2.863564212655270680e+01 5.656854249492380582e+00 2.475883680627989492e+01 8.246211251235321171e+00 3.162277660168379256e+01 4.036087214122112954e+01 3.264965543462901820e+01 4.527692569068708650e+01 2.507987240796890660e+01 4.244997055358224713e+01 2.102379604162863913e+01 1.204159457879229578e+01 1.897366596101027625e+01 0.000000000000000000e+00 9.055385138137417300e+00 1.612451549659709826e+01 3.580502757993631491e+01 2.701851217221259205e+01 3.911521443121588959e+01 3.773592452822641263e+01 3.190611226708763226e+01
2.517935662402834396e+01 5.830951894845300743e+00 1.878829422805593552e+01 1.414213562373095145e+00 2.657066051117284644e+01 3.413209633175202384e+01 2.863564212655270680e+01 3.883297567789519888e+01 1.603121954188139853e+01 3.605551275463989214e+01 1.200000000000000000e+01 1.486606874731850603e+01 2.267156809750926882e+01 9.055385138137417300e+00 0.000000000000000000e+00 7.071067811865475505e+00 2.828427124746190202e+01 1.811077027627483460e+01 3.417601498127012150e+01 3.289376840679705083e+01 2.408318915758459156e+01
2.433105012119287736e+01 1.216552506059643868e+01 1.603121954188139853e+01 8.000000000000000000e+00 2.408318915758459156e+01 3.008321791298264714e+01 2.701851217221259205e+01 3.443835071544512516e+01 9.000000000000000000e+00 3.178049716414140846e+01 5.099019513592784492e+00 1.972308292331602075e+01 2.720294101747088789e+01 1.612451549659709826e+01 7.071067811865475505e+00 0.000000000000000000e+00 2.302172886644267535e+01 1.140175425099137918e+01 3.140063693621516450e+01 3.026549190084311292e+01 1.860107523773827509e+01
1.772004514666934938e+01 3.023243291566194912e+01 1.236931687685298087e+01 2.831960451701259274e+01 1.208304597359457233e+01 9.219544457292887074e+00 1.612451549659709826e+01 1.216552506059643868e+01 1.941648783894759944e+01 1.000000000000000000e+01 2.154065922853801496e+01 3.132091952673165025e+01 3.512833614050059339e+01 3.580502757993631491e+01 2.828427124746190202e+01 2.302172886644267535e+01 0.000000000000000000e+00 2.209072203437452231e+01 1.442220510185595650e+01 1.421267040355189515e+01 4.472135954999579610e+00
3.088689042296100240e+01 2.353720459187963954e+01 2.147091055358388800e+01 1.923538406167134340e+01 2.846049894151541437e+01 3.100000000000000000e+01 3.231098884280702066e+01 3.423448553724738019e+01 3.605551275463989125e+00 3.206243908376279705e+01 6.324555320336759046e+00 3.087069808086626210e+01 3.807886552931954327e+01 2.701851217221259205e+01 1.811077027627483460e+01 1.140175425099137918e+01 2.209072203437452231e+01 0.000000000000000000e+00 3.452535300326413648e+01 3.373425558686599857e+01 1.800000000000000000e+01
1.140175425099137918e+01 3.361547262794321966e+01 1.552417469626002422e+01 3.361547262794321966e+01 7.615773105863908654e+00 6.708203932499369415e+00 7.211102550927978250e+00 1.000000000000000000e+01 3.125699921617556853e+01 8.246211251235321171e+00 3.200000000000000000e+01 3.041381265149109936e+01 3.088689042296100240e+01 3.911521443121588959e+01 3.417601498127012150e+01 3.140063693621516450e+01 1.442220510185595650e+01 3.452535300326413648e+01 0.000000000000000000e+00 1.414213562373095145e+00 1.708800749063506075e+01
1.000000000000000000e+01 3.224903099319419653e+01 1.431782106327635340e+01 3.231098884280702066e+01 6.324555320336759046e+00 7.280109889280518054e+00 5.830951894845300743e+00 1.104536101718726115e+01 3.041381265149109936e+01 9.055385138137417300e+00 3.101612483854164637e+01 2.900000000000000000e+01 2.952964612046680060e+01 3.773592452822641263e+01 3.289376840679705083e+01 3.026549190084311292e+01 1.421267040355189515e+01 3.373425558686599857e+01 1.414213562373095145e+00 0.000000000000000000e+00 1.655294535724684835e+01
1.749285568453590045e+01 2.641968962724581260e+01 1.004987562112088995e+01 2.420743687382040932e+01 1.272792206135785520e+01 1.300000000000000000e+01 1.697056274847713908e+01 1.649242250247064234e+01 1.513274595042155646e+01 1.414213562373095101e+01 1.708800749063506075e+01 2.844292530665578411e+01 3.301514803843835466e+01 3.190611226708763226e+01 2.408318915758459156e+01 1.860107523773827509e+01 4.472135954999579610e+00 1.800000000000000000e+01 1.708800749063506075e+01 1.655294535724684835e+01 0.000000000000000000e+00
