0.000000000000000000e+00 2.209072203437452231e+01 1.400000000000000000e+01 1.552417469626002422e+01 2.343074902771996193e+01 3.624913792078371699e+01 2.816025568065744622e+01 9.219544457292887074e+00 3.423448553724738019e+01 9.055385138137417300e+00 2.683281572999747766e+01 2.147091055358388800e+01 1.431782106327635340e+01 1.526433752247374720e+01 3.313608305156178346e+01 3.764306044943742080e+01 3.041381265149109936e+01 4.716990566028302112e+01 2.051828452868319275e+01 2.745906043549196340e+01 2.765863337187866122e+01 3.289376840679705083e+01 3.352610922848042208e+01 4.110960958218893069e+01
2.209072203437452231e+01 0.000000000000000000e+00 8.246211251235321171e+00 2.906888370749726747e+01 1.360147050873544394e+01 3.178049716414140846e+01 3.905124837953326988e+01 2.927456233660889495e+01 3.671511950137163893e+01 3.101612483854164637e+01 2.416609194718914466e+01 2.080865204668481283e+01 8.062257748298549132e+00 1.081665382639196871e+01 3.635931792539568619e+01 3.573513677041127323e+01 1.900000000000000000e+01 3.811823710509183627e+01 3.827531841800927737e+01 2.213594362117865444e+01 2.968164415931165934e+01 3.101612483854164637e+01 4.386342439892261780e+01 3.807886552931954327e+01
1.400000000000000000e+01 8.246211251235321171e+00 0.000000000000000000e+00 2.343074902771996193e+01 1.552417469626002422e+01 3.301514803843835466e+01 3.482814953453599571e+01 2.184032966784155505e+01 3.544009029333869876e+01 2.302172886644267535e+01 2.408318915758459156e+01 1.941648783894759944e+01 3.000000000000000000e+00 8.062257748298549132e+00 3.478505426185217431e+01 3.612478373637688378e+01 2.247220505424423109e+01 4.148493702538308270e+01 3.176476034853718033e+01 2.302172886644267535e+01 2.816025568065744622e+01 3.114482300479487265e+01 4.000000000000000000e+01 3.901281840626231912e+01
1.552417469626002422e+01 2.906888370749726747e+01 2.343074902771996193e+01 0.000000000000000000e+00 2.200000000000000000e+01 2.617250465660480074e+01 1.264911064067351809e+01 9.486832980505138124e+00 2.061552812808830382e+01 1.486606874731850603e+01 1.835755975068581947e+01 1.456021977856103611e+01 2.163330765278393741e+01 1.838477631085023489e+01 1.931320791582796659e+01 2.580697580112788003e+01 2.668332812825266842e+01 3.828837943815329226e+01 1.000000000000000000e+01 2.061552812808830382e+01 1.562049935181330795e+01 2.193171219946130890e+01 1.802775637731994607e+01 2.941088233970548416e+01
2.343074902771996193e+01 1.360147050873544394e+01 1.552417469626002422e+01 2.200000000000000000e+01 0.000000000000000000e+00 1.824828759089465890e+01 2.863564212655270680e+01 2.657066051117284644e+01 2.360084744241189370e+01 3.041381265149109936e+01 1.081665382639196871e+01 8.944271909999159220e+00 1.264911064067351809e+01 8.602325267042626677e+00 2.343074902771996193e+01 2.213594362117865444e+01 7.211102550927978250e+00 2.596150997149434048e+01 3.200000000000000000e+01 8.544003745317530374e+00 1.697056274847713908e+01 1.746424919657297892e+01 3.275667870831839679e+01 2.451530134426252516e+01
3.624913792078371699e+01 3.178049716414140846e+01 3.301514803843835466e+01 2.617250465660480074e+01 1.824828759089465890e+01 0.000000000000000000e+00 2.376972864800942631e+01 3.482814953453599571e+01 1.104536101718726115e+01 4.000000000000000000e+01 9.486832980505138124e+00 1.486606874731850603e+01 3.001666203960726875e+01 2.507987240796890660e+01 1.200000000000000000e+01 5.000000000000000000e+00 1.389244398944980396e+01 1.220655561573370207e+01 3.413209633175202384e+01 1.000000000000000000e+01 1.081665382639196871e+01 4.472135954999579610e+00 2.501999200639360765e+01 6.324555320336759046e+00
2.816025568065744622e+01 3.905124837953326988e+01 3.482814953453599571e+01 1.264911064067351809e+01 2.863564212655270680e+01 2.376972864800942631e+01 0.000000000000000000e+00 2.102379604162863913e+01 1.389244398944980396e+01 2.601922366251537611e+01 2.022374841615668473e+01 1.969771560359220786e+01 3.255764119219941222e+01 2.831960451701259274e+01 1.252996408614166768e+01 2.102379604162863913e+01 3.059411708155671050e+01 3.546829570193639825e+01 1.341640786499873883e+01 2.334523505985750447e+01 1.400000000000000000e+01 1.941648783894759944e+01 5.385164807134503739e+00 2.418677324489564739e+01
9.219544457292887074e+00 2.927456233660889495e+01 2.184032966784155505e+01 9.486832980505138124e+00 2.657066051117284644e+01 3.482814953453599571e+01 2.102379604162863913e+01 0.000000000000000000e+00 3.008321791298264714e+01 5.385164807134503739e+00 2.617250465660480074e+01 2.140093455903269515e+01 2.121320343559642652e+01 2.009975124224177989e+01 2.879236009777593708e+01 3.498571136907180090e+01 3.264965543462901820e+01 4.669047011971500893e+01 1.140175425099137918e+01 2.780287754891568852e+01 2.469817807045693669e+01 3.080584360149872580e+01 2.617250465660480074e+01 3.858756276314947797e+01
3.423448553724738019e+01 3.671511950137163893e+01 3.544009029333869876e+01 2.061552812808830382e+01 2.360084744241189370e+01 1.104536101718726115e+01 1.389244398944980396e+01 3.008321791298264714e+01 0.000000000000000000e+00 3.546829570193639825e+01 1.280624847486569706e+01 1.615549442140351033e+01 3.257299494980465937e+01 2.751363298439520833e+01 1.414213562373095145e+00 7.280109889280518054e+00 2.220360331117451835e+01 2.184032966784155505e+01 2.617250465660480074e+01 1.555634918610404505e+01 7.280109889280518054e+00 7.615773105863908654e+00 1.414213562373095101e+01 1.029563014098700080e+01
9.055385138137417300e+00 3.101612483854164637e+01 2.302172886644267535e+01 1.486606874731850603e+01 3.041381265149109936e+01 4.000000000000000000e+01 2.601922366251537611e+01 5.385164807134503739e+00 3.546829570193639825e+01 0.000000000000000000e+00 3.114482300479487265e+01 2.617250465660480074e+01 2.308679276123039159e+01 2.308679276123039159e+01 3.417601498127012150e+01 4.031128874149274566e+01 3.689173349139343117e+01 5.173973328110611902e+01 1.486606874731850603e+01 3.255764119219941222e+01 3.001666203960726875e+01 3.605551275463989214e+01 3.101612483854164637e+01 4.390899680020029905e+01
2.683281572999747766e+01 2.416609194718914466e+01 2.408318915758459156e+01 1.835755975068581947e+01 1.081665382639196871e+01 9.486832980505138124e+00 2.022374841615668473e+01 2.617250465660480074e+01 1.280624847486569706e+01 3.114482300479487265e+01 0.000000000000000000e+00 5.385164807134503739e+00 2.109502310972898798e+01 1.603121954188139853e+01 1.272792206135785520e+01 1.204159457879229578e+01 1.044030650891055068e+01 2.061552812808830382e+01 2.751363298439520833e+01 3.162277660168379523e+00 6.708203932499369415e+00 7.071067811865475505e+00 2.340939982143925135e+01 1.503329637837290811e+01
2.147091055358388800e+01 2.080865204668481283e+01 1.941648783894759944e+01 1.456021977856103611e+01 8.944271909999159220e+00 1.486606874731850603e+01 1.969771560359220786e+01 2.140093455903269515e+01 1.615549442140351033e+01 2.617250465660480074e+01 5.385164807134503739e+00 0.000000000000000000e+00 1.649242250247064234e+01 1.140175425099137918e+01 1.565247584249852864e+01 1.702938636592640265e+01 1.216552506059643868e+01 2.580697580112788003e+01 2.433105012119287736e+01 6.403124237432848531e+00 8.944271909999159220e+00 1.204159457879229578e+01 2.385372088375312671e+01 2.022374841615668473e+01
1.431782106327635340e+01 8.062257748298549132e+00 3.000000000000000000e+00 2.163330765278393741e+01 1.264911064067351809e+01 3.001666203960726875e+01 3.255764119219941222e+01 2.121320343559642652e+01 3.257299494980465937e+01 2.308679276123039159e+01 2.109502310972898798e+01 1.649242250247064234e+01 0.000000000000000000e+00 5.099019513592784492e+00 3.195309061734091571e+01 3.313608305156178346e+01 1.969771560359220786e+01 3.860051813123756403e+01 3.046309242345563462e+01 2.002498439450078749e+01 2.529822128134703618e+01 2.816025568065744622e+01 3.764306044943742080e+01 3.601388621073821383e+01
1.526433752247374720e+01 1.081665382639196871e+01 8.062257748298549132e+00 1.838477631085023489e+01 8.602325267042626677e+00 2.507987240796890660e+01 2.831960451701259274e+01 2.009975124224177989e+01 2.751363298439520833e+01 2.308679276123039159e+01 1.603121954188139853e+01 1.140175425099137918e+01 5.099019513592784492e+00 0.000000000000000000e+00 2.692582403567251959e+01 2.807133769523639799e+01 1.581138830084189628e+01 3.417601498127012150e+01 2.789265136196270589e+01 1.513274595042155646e+01 2.024845673131658685e+01 2.308679276123039159e+01 3.324154027718932269e+01 3.100000000000000000e+01
3.313608305156178346e+01 3.635931792539568619e+01 3.478505426185217431e+01 1.931320791582796659e+01 2.343074902771996193e+01 1.200000000000000000e+01 1.252996408614166768e+01 2.879236009777593708e+01 1.414213562373095145e+00 3.417601498127012150e+01 1.272792206135785520e+01 1.565247584249852864e+01 3.195309061734091571e+01 2.692582403567251959e+01 0.000000000000000000e+00 8.544003745317530374e+00 2.247220505424423109e+01 2.308679276123039159e+01 2.475883680627989492e+01 1.562049935181330795e+01 6.708203932499369415e+00 8.246211251235321171e+00 1.303840481040529831e+01 1.166190378969060149e+01
3.764306044943742080e+01 3.573513677041127323e+01 3.612478373637688378e+01 2.580697580112788003e+01 2.213594362117865444e+01 5.000000000000000000e+00 2.102379604162863913e+01 3.498571136907180090e+01 7.280109889280518054e+00 4.031128874149274566e+01 1.204159457879229578e+01 1.702938636592640265e+01 3.313608305156178346e+01 2.807133769523639799e+01 8.544003745317530374e+00 0.000000000000000000e+00 1.860107523773827509e+01 1.456021977856103611e+01 3.264965543462901820e+01 1.360147050873544394e+01 1.029563014098700080e+01 5.000000000000000000e+00 2.137755832643194864e+01 3.605551275463989125e+00
3.041381265149109936e+01 1.900000000000000000e+01 2.247220505424423109e+01 2.668332812825266842e+01 7.211102550927978250e+00 1.389244398944980396e+01 3.059411708155671050e+01 3.264965543462901820e+01 2.220360331117451835e+01 3.689173349139343117e+01 1.044030650891055068e+01 1.216552506059643868e+01 1.969771560359220786e+01 1.581138830084189628e+01 2.247220505424423109e+01 1.860107523773827509e+01 0.000000000000000000e+00 1.923538406167134340e+01 3.649657518178931781e+01 7.280109889280518054e+00 1.708800749063506075e+01 1.486606874731850603e+01 3.383784863137726262e+01 2.012461179749810825e+01
4.716990566028302112e+01 3.811823710509183627e+01 4.148493702538308270e+01 3.828837943815329226e+01 2.596150997149434048e+01 1.220655561573370207e+01 3.546829570193639825e+01 4.669047011971500893e+01 2.184032966784155505e+01 5.173973328110611902e+01 2.061552812808830382e+01 2.580697580112788003e+01 3.860051813123756403e+01 3.417601498127012150e+01 2.308679276123039159e+01 1.456021977856103611e+01 1.923538406167134340e+01 0.000000000000000000e+00 4.632493928760187885e+01 1.972308292331602075e+01 2.302172886644267535e+01 1.664331697709323876e+01 3.590264614203248072e+01 1.204159457879229578e+01
2.051828452868319275e+01 3.827531841800927737e+01 3.176476034853718033e+01 1.000000000000000000e+01 3.200000000000000000e+01 3.413209633175202384e+01 1.341640786499873883e+01 1.140175425099137918e+01 2.617250465660480074e+01 1.486606874731850603e+01 2.751363298439520833e+01 2.433105012119287736e+01 3.046309242345563462e+01 2.789265136196270589e+01 2.475883680627989492e+01 3.264965543462901820e+01 3.649657518178931781e+01 4.632493928760187885e+01 0.000000000000000000e+00 3.008321791298264714e+01 2.332380757938120297e+01 2.968164415931165934e+01 1.746424919657297892e+01 3.612478373637688378e+01
2.745906043549196340e+01 2.213594362117865444e+01 2.302172886644267535e+01 2.061552812808830382e+01 8.544003745317530374e+00 1.000000000000000000e+01 2.334523505985750447e+01 2.780287754891568852e+01 1.555634918610404505e+01 3.255764119219941222e+01 3.162277660168379523e+00 6.403124237432848531e+00 2.002498439450078749e+01 1.513274595042155646e+01 1.562049935181330795e+01 1.360147050873544394e+01 7.280109889280518054e+00 1.972308292331602075e+01 3.008321791298264714e+01 0.000000000000000000e+00 9.848857801796103928e+00 8.944271909999159220e+00 2.657066051117284644e+01 1.612451549659709826e+01
2.765863337187866122e+01 2.968164415931165934e+01 2.816025568065744622e+01 1.562049935181330795e+01 1.697056274847713908e+01 1.081665382639196871e+01 1.400000000000000000e+01 2.469817807045693669e+01 7.280109889280518054e+00 3.001666203960726875e+01 6.708203932499369415e+00 8.944271909999159220e+00 2.529822128134703618e+01 2.024845673131658685e+01 6.708203932499369415e+00 1.029563014098700080e+01 1.708800749063506075e+01 2.302172886644267535e+01 2.332380757938120297e+01 9.848857801796103928e+00 0.000000000000000000e+00 6.403124237432848531e+00 1.676305461424021104e+01 1.389244398944980396e+01
3.289376840679705083e+01 3.101612483854164637e+01 3.114482300479487265e+01 2.193171219946130890e+01 1.746424919657297892e+01 4.472135954999579610e+00 1.941648783894759944e+01 3.080584360149872580e+01 7.615773105863908654e+00 3.605551275463989214e+01 7.071067811865475505e+00 1.204159457879229578e+01 2.816025568065744622e+01 2.308679276123039159e+01 8.246211251235321171e+00 5.000000000000000000e+00 1.486606874731850603e+01 1.664331697709323876e+01 2.968164415931165934e+01 8.944271909999159220e+00 6.403124237432848531e+00 0.000000000000000000e+00 2.102379604162863913e+01 8.246211251235321171e+00
3.352610922848042208e+01 4.386342439892261780e+01 4.000000000000000000e+01 1.802775637731994607e+01 3.275667870831839679e+01 2.501999200639360765e+01 5.385164807134503739e+00 2.617250465660480074e+01 1.414213562373095101e+01 3.101612483854164637e+01 2.340939982143925135e+01 2.385372088375312671e+01 3.764306044943742080e+01 3.324154027718932269e+01 1.303840481040529831e+01 2.137755832643194864e+01 3.383784863137726262e+01 3.590264614203248072e+01 1.746424919657297892e+01 2.657066051117284644e+01 1.676305461424021104e+01 2.102379604162863913e+01 0.000000000000000000e+00 2.404163056034261459e+01
4.110960958218893069e+01 3.807886552931954327e+01 3.901281840626231912e+01 2.941088233970548416e+01 2.451530134426252516e+01 6.324555320336759046e+00 2.418677324489564739e+01 3.858756276314947797e+01 1.029563014098700080e+01 4.390899680020029905e+01 1.503329637837290811e+01 2.022374841615668473e+01 3.601388621073821383e+01 3.100000000000000000e+01 1.166190378969060149e+01 3.605551275463989125e+00 2.012461179749810825e+01 1.204159457879229578e+01 3.612478373637688378e+01 1.612451549659709826e+01 1.389244398944980396e+01 8.246211251235321171e+00 2.404163056034261459e+01 0.000000000000000000e+00
