0.000000000000000000e+00 1.500000000000000000e+01 1.500000000000000000e+01 1.523154621172781731e+01 1.824828759089465890e+01 4.455333881989092504e+01 2.012461179749810825e+01 1.615549442140351033e+01 1.000000000000000000e+01 2.024845673131658685e+01 2.102379604162863913e+01 3.584689665786984136e+01 3.306055050963308162e+01 1.476482306023340030e+01 2.657066051117284644e+01 2.420743687382040932e+01 1.627882059609970611e+01 1.303840481040529831e+01 6.708203932499369415e+00 2.236067977499789805e+00 1.476482306023340030e+01 2.860069929215018192e+01
1.500000000000000000e+01 0.000000000000000000e+00 1.341640786499873883e+01 1.513274595042155646e+01 1.749285568453590045e+01 2.983286778035259701e+01 2.284731931759172596e+01 4.242640687119284770e+00 2.376972864800942631e+01 8.062257748298549132e+00 1.769180601295413169e+01 2.280350850198275836e+01 2.370653918225939449e+01 1.603121954188139853e+01 2.640075756488817049e+01 1.044030650891055068e+01 1.655294535724684835e+01 2.692582403567251959e+01 8.485281374238569541e+00 1.702938636592640265e+01 2.507987240796890660e+01 1.360147050873544394e+01
1.500000000000000000e+01 1.341640786499873883e+01 0.000000000000000000e+00 2.523885892824792521e+01 4.242640687119284770e+00 3.535533905932737753e+01 9.486832980505138124e+00 1.749285568453590045e+01 1.802775637731994607e+01 1.118033988749894903e+01 6.082762530298219339e+00 2.408318915758459156e+01 3.712142238654116966e+01 2.555386467836127551e+01 1.345362404707370985e+01 1.552417469626002422e+01 3.162277660168379523e+00 2.061552812808830382e+01 1.341640786499873883e+01 1.702938636592640265e+01 1.526433752247374720e+01 2.308679276123039159e+01
1.523154621172781731e+01 1.513274595042155646e+01 2.523885892824792521e+01 0.000000000000000000e+00 2.941088233970548416e+01 4.162931659299729859e+01 3.324154027718932269e+01 1.204159457879229578e+01 2.473863375370596174e+01 2.319482700948640286e+01 3.088689042296100240e+01 3.721558813185679071e+01 1.941648783894759944e+01 1.414213562373095145e+00 3.860051813123756403e+01 2.501999200639360765e+01 2.780287754891568852e+01 2.745906043549196340e+01 1.204159457879229578e+01 1.552417469626002422e+01 2.996664812754339380e+01 2.469817807045693669e+01
1.824828759089465890e+01 1.749285568453590045e+01 4.242640687119284770e+00 2.941088233970548416e+01 0.000000000000000000e+00 3.676955262170046979e+01 6.000000000000000000e+00 2.163330765278393741e+01 1.931320791582796659e+01 1.403566884761819900e+01 3.605551275463989125e+00 2.469817807045693669e+01 4.118252056394800320e+01 2.968164415931165934e+01 9.219544457292887074e+00 1.802775637731994607e+01 2.000000000000000000e+00 2.147091055358388800e+01 1.749285568453590045e+01 2.009975124224177989e+01 1.486606874731850603e+01 2.601922366251537611e+01
4.455333881989092504e+01 2.983286778035259701e+01 3.535533905932737753e+01 4.162931659299729859e+01 3.676955262170046979e+01 0.000000000000000000e+00 4.237924020083418242e+01 3.052867504494749440e+01 5.200961449578337437e+01 2.500000000000000000e+01 3.383784863137726262e+01 1.303840481040529831e+01 3.405877273185280529e+01 4.295346318982905842e+01 4.060788100849390503e+01 2.061552812808830382e+01 3.757658845611187104e+01 5.500000000000000000e+01 3.828837943815329226e+01 4.669047011971500893e+01 5.060632371551997721e+01 1.700000000000000000e+01
2.012461179749810825e+01 2.284731931759172596e+01 9.486832980505138124e+00 3.324154027718932269e+01 6.000000000000000000e+00 4.237924020083418242e+01 0.000000000000000000e+00 2.683281572999747766e+01 1.802775637731994607e+01 2.002498439450078749e+01 8.544003745317530374e+00 2.996664812754339380e+01 4.651881339845203200e+01 3.330165161069342616e+01 7.000000000000000000e+00 2.402082429892862692e+01 6.324555320336759046e+00 1.941648783894759944e+01 2.121320343559642652e+01 2.154065922853801496e+01 1.170469991071962568e+01 3.201562118716424266e+01
1.615549442140351033e+01 4.242640687119284770e+00 1.749285568453590045e+01 1.204159457879229578e+01 2.163330765278393741e+01 3.052867504494749440e+01 2.683281572999747766e+01 0.000000000000000000e+00 2.570992026436488231e+01 1.170469991071962568e+01 2.193171219946130890e+01 2.517935662402834396e+01 1.969771560359220786e+01 1.315294643796590535e+01 3.061045573002793319e+01 1.300000000000000000e+01 2.059126028197400160e+01 2.886173937932362321e+01 9.486832980505138124e+00 1.788854381999831844e+01 2.801785145224380003e+01 1.360147050873544394e+01
1.000000000000000000e+01 2.376972864800942631e+01 1.802775637731994607e+01 2.473863375370596174e+01 1.931320791582796659e+01 5.200961449578337437e+01 1.802775637731994607e+01 2.570992026436488231e+01 0.000000000000000000e+00 2.701851217221259205e+01 2.284731931759172596e+01 4.177319714841084419e+01 4.304648650006176780e+01 2.404163056034261459e+01 2.501999200639360765e+01 3.140063693621516450e+01 1.746424919657297892e+01 3.162277660168379523e+00 1.627882059609970611e+01 9.219544457292887074e+00 7.615773105863908654e+00 3.712142238654116966e+01
2.024845673131658685e+01 8.062257748298549132e+00 1.118033988749894903e+01 2.319482700948640286e+01 1.403566884761819900e+01 2.500000000000000000e+01 2.002498439450078749e+01 1.170469991071962568e+01 2.701851217221259205e+01 0.000000000000000000e+00 1.264911064067351809e+01 1.565247584249852864e+01 2.906888370749726747e+01 2.408318915758459156e+01 2.154065922853801496e+01 4.472135954999579610e+00 1.403566884761819900e+01 3.000000000000000000e+01 1.486606874731850603e+01 2.247220505424423109e+01 2.600000000000000000e+01 1.200000000000000000e+01
2.102379604162863913e+01 1.769180601295413169e+01 6.082762530298219339e+00 3.088689042296100240e+01 3.605551275463989125e+00 3.383784863137726262e+01 8.544003745317530374e+00 2.193171219946130890e+01 2.284731931759172596e+01 1.264911064067351809e+01 0.000000000000000000e+00 2.147091055358388800e+01 4.104875150354758517e+01 3.130495168499705727e+01 8.944271909999159220e+00 1.612451549659709826e+01 5.385164807134503739e+00 2.505992817228333536e+01 1.931320791582796659e+01 2.300000000000000000e+01 1.843908891458577415e+01 2.433105012119287736e+01
3.584689665786984136e+01 2.280350850198275836e+01 2.408318915758459156e+01 3.721558813185679071e+01 2.469817807045693669e+01 1.303840481040529831e+01 2.996664812754339380e+01 2.517935662402834396e+01 4.177319714841084419e+01 1.565247584249852864e+01 2.147091055358388800e+01 0.000000000000000000e+00 3.624913792078371699e+01 3.832753579347360073e+01 2.765863337187866122e+01 1.236931687685298087e+01 2.580697580112788003e+01 4.455333881989092504e+01 3.046309242345563462e+01 3.807886552931954327e+01 3.920459156782531807e+01 1.486606874731850603e+01
3.306055050963308162e+01 2.370653918225939449e+01 3.712142238654116966e+01 1.941648783894759944e+01 4.118252056394800320e+01 3.405877273185280529e+01 4.651881339845203200e+01 1.969771560359220786e+01 4.304648650006176780e+01 2.906888370749726747e+01 4.104875150354758517e+01 3.624913792078371699e+01 0.000000000000000000e+00 2.061552812808830382e+01 4.992995093127971273e+01 2.765863337187866122e+01 4.024922359499621649e+01 4.601086828130936368e+01 2.745906043549196340e+01 3.400000000000000000e+01 4.687216658103186262e+01 2.147091055358388800e+01
1.476482306023340030e+01 1.603121954188139853e+01 2.555386467836127551e+01 1.414213562373095145e+00 2.968164415931165934e+01 4.295346318982905842e+01 3.330165161069342616e+01 1.315294643796590535e+01 2.404163056034261459e+01 2.408318915758459156e+01 3.130495168499705727e+01 3.832753579347360073e+01 2.061552812808830382e+01 0.000000000000000000e+00 3.883297567789519888e+01 2.607680962081059661e+01 2.801785145224380003e+01 2.668332812825266842e+01 1.220655561573370207e+01 1.486606874731850603e+01 2.952964612046680060e+01 2.600000000000000000e+01
2.657066051117284644e+01 2.640075756488817049e+01 1.345362404707370985e+01 3.860051813123756403e+01 9.219544457292887074e+00 4.060788100849390503e+01 7.000000000000000000e+00 3.061045573002793319e+01 2.501999200639360765e+01 2.154065922853801496e+01 8.944271909999159220e+00 2.765863337187866122e+01 4.992995093127971273e+01 3.883297567789519888e+01 0.000000000000000000e+00 2.473863375370596174e+01 1.081665382639196871e+01 2.630589287593181069e+01 2.662705391138869615e+01 2.816025568065744622e+01 1.843908891458577415e+01 3.298484500494128469e+01
2.420743687382040932e+01 1.044030650891055068e+01 1.552417469626002422e+01 2.501999200639360765e+01 1.802775637731994607e+01 2.061552812808830382e+01 2.402082429892862692e+01 1.300000000000000000e+01 3.140063693621516450e+01 4.472135954999579610e+00 1.612451549659709826e+01 1.236931687685298087e+01 2.765863337187866122e+01 2.607680962081059661e+01 2.473863375370596174e+01 0.000000000000000000e+00 1.824828759089465890e+01 3.440930106817050671e+01 1.835755975068581947e+01 2.640075756488817049e+01 3.046309242345563462e+01 8.246211251235321171e+00
1.627882059609970611e+01 1.655294535724684835e+01 3.162277660168379523e+00 2.780287754891568852e+01 2.000000000000000000e+00 3.757658845611187104e+01 6.324555320336759046e+00 2.059126028197400160e+01 1.746424919657297892e+01 1.403566884761819900e+01 5.385164807134503739e+00 2.580697580112788003e+01 4.024922359499621649e+01 2.801785145224380003e+01 1.081665382639196871e+01 1.824828759089465890e+01 0.000000000000000000e+00 1.972308292331602075e+01 1.581138830084189628e+01 1.811077027627483460e+01 1.345362404707370985e+01 2.601922366251537611e+01
1.303840481040529831e+01 2.692582403567251959e+01 2.061552812808830382e+01 2.745906043549196340e+01 2.147091055358388800e+01 5.500000000000000000e+01 1.941648783894759944e+01 2.886173937932362321e+01 3.162277660168379523e+00 3.000000000000000000e+01 2.505992817228333536e+01 4.455333881989092504e+01 4.601086828130936368e+01 2.668332812825266842e+01 2.630589287593181069e+01 3.440930106817050671e+01 1.972308292331602075e+01 0.000000000000000000e+00 1.941648783894759944e+01 1.204159457879229578e+01 8.000000000000000000e+00 4.024922359499621649e+01
6.708203932499369415e+00 8.485281374238569541e+00 1.341640786499873883e+01 1.204159457879229578e+01 1.749285568453590045e+01 3.828837943815329226e+01 2.121320343559642652e+01 9.486832980505138124e+00 1.627882059609970611e+01 1.486606874731850603e+01 1.931320791582796659e+01 3.046309242345563462e+01 2.745906043549196340e+01 1.220655561573370207e+01 2.662705391138869615e+01 1.835755975068581947e+01 1.581138830084189628e+01 1.941648783894759944e+01 0.000000000000000000e+00 8.602325267042626677e+00 1.941648783894759944e+01 2.202271554554523902e+01
2.236067977499789805e+00 1.702938636592640265e+01 1.702938636592640265e+01 1.552417469626002422e+01 2.009975124224177989e+01 4.669047011971500893e+01 2.154065922853801496e+01 1.788854381999831844e+01 9.219544457292887074e+00 2.247220505424423109e+01 2.300000000000000000e+01 3.807886552931954327e+01 3.400000000000000000e+01 1.486606874731850603e+01 2.816025568065744622e+01 2.640075756488817049e+01 1.811077027627483460e+01 1.204159457879229578e+01 8.602325267042626677e+00 0.000000000000000000e+00 1.500000000000000000e+01 3.061045573002793319e+01
1.476482306023340030e+01 2.507987240796890660e+01 1.526433752247374720e+01 2.996664812754339380e+01 1.486606874731850603e+01 5.060632371551997721e+01 1.170469991071962568e+01 2.801785145224380003e+01 7.615773105863908654e+00 2.600000000000000000e+01 1.843908891458577415e+01 3.920459156782531807e+01 4.687216658103186262e+01 2.952964612046680060e+01 1.843908891458577415e+01 3.046309242345563462e+01 1.345362404707370985e+01 8.000000000000000000e+00 1.941648783894759944e+01 1.500000000000000000e+01 0.000000000000000000e+00 3.736308338453881106e+01
2.860069929215018192e+01 1.360147050873544394e+01 2.308679276123039159e+01 2.469817807045693669e+01 2.601922366251537611e+01 1.700000000000000000e+01 3.201562118716424266e+01 1.360147050873544394e+01 3.712142238654116966e+01 1.200000000000000000e+01 2.433105012119287736e+01 1.486606874731850603e+01 2.147091055358388800e+01 2.600000000000000000e+01 3.298484500494128469e+01 8.246211251235321171e+00 2.601922366251537611e+01 4.024922359499621649e+01 2.202271554554523902e+01 3.061045573002793319e+01 3.736308338453881106e+01 0.000000000000000000e+00
