0.000000000000000000e+00 2.630589287593181069e+01 3.264965543462901820e+01 9.848857801796103928e+00 2.954657340538831534e+01 4.477722635447621968e+01 4.992995093127971273e+01 5.307541803886239506e+01 3.901281840626231912e+01 4.248529157249600274e+01 3.748332962798262713e+01 3.114482300479487265e+01 3.640054944640259293e+01 2.607680962081059661e+01 4.382921400162225467e+01 2.475883680627989492e+01 3.000000000000000000e+01 4.548626166217663780e+01 4.527692569068708650e+01 4.081666326391709987e+01 3.471310991541956525e+01
2.630589287593181069e+01 0.000000000000000000e+00 1.923538406167134340e+01 1.878829422805593552e+01 1.603121954188139853e+01 4.570557952810575841e+01 4.601086828130936368e+01 4.414748010928823163e+01 1.392838827718411920e+01 4.257933771208753626e+01 4.561797891182817466e+01 4.188078318274384770e+01 1.878829422805593552e+01 1.843908891458577415e+01 3.067572330035593353e+01 2.247220505424423109e+01 4.280186911806539030e+01 3.138470965295043058e+01 2.996664812754339380e+01 3.931920650267500150e+01 2.700000000000000000e+01
3.264965543462901820e+01 1.923538406167134340e+01 0.000000000000000000e+00 2.282542442102665348e+01 3.605551275463989125e+00 2.823118842698620767e+01 2.707397274136176790e+01 2.500000000000000000e+01 1.720465053408525335e+01 2.507987240796890660e+01 3.182766092567909766e+01 3.052867504494749440e+01 5.385164807134503739e+00 7.071067811865475505e+00 1.220655561573370207e+01 1.118033988749894903e+01 3.264965543462901820e+01 1.345362404707370985e+01 1.280624847486569706e+01 2.154065922853801496e+01 8.544003745317530374e+00
9.848857801796103928e+00 1.878829422805593552e+01 2.282542442102665348e+01 0.000000000000000000e+00 1.969771560359220786e+01 3.807886552931954327e+01 4.204759208325727826e+01 4.420407221060068537e+01 3.014962686336266984e+01 3.544009029333869876e+01 3.313608305156178346e+01 2.765863337187866122e+01 2.657066051117284644e+01 1.640121946685672683e+01 3.420526275297414287e+01 1.581138830084189628e+01 2.751363298439520833e+01 3.580502757993631491e+01 3.551056180912940619e+01 3.324154027718932269e+01 2.549509756796392423e+01
2.954657340538831534e+01 1.603121954188139853e+01 3.605551275463989125e+00 1.969771560359220786e+01 0.000000000000000000e+00 3.036445290137795183e+01 3.000000000000000000e+01 2.846049894151541437e+01 1.627882059609970611e+01 2.720294101747088789e+01 3.264965543462901820e+01 3.061045573002793319e+01 7.071067811865475505e+00 5.385164807134503739e+00 1.581138830084189628e+01 1.029563014098700080e+01 3.244996147917590434e+01 1.702938636592640265e+01 1.627882059609970611e+01 2.376972864800942631e+01 1.104536101718726115e+01
4.477722635447621968e+01 4.570557952810575841e+01 2.823118842698620767e+01 3.807886552931954327e+01 3.036445290137795183e+01 0.000000000000000000e+00 9.055385138137417300e+00 1.811077027627483460e+01 4.517742799230607176e+01 3.162277660168379523e+00 1.264911064067351809e+01 1.802775637731994607e+01 3.224903099319419653e+01 2.729468812791236232e+01 2.408318915758459156e+01 2.400000000000000000e+01 2.109502310972898798e+01 2.561249694973139412e+01 2.765863337187866122e+01 6.708203932499369415e+00 1.969771560359220786e+01
4.992995093127971273e+01 4.601086828130936368e+01 2.707397274136176790e+01 4.204759208325727826e+01 3.000000000000000000e+01 9.055385138137417300e+00 0.000000000000000000e+00 9.486832980505138124e+00 4.272001872658765365e+01 8.944271909999159220e+00 2.158703314492290204e+01 2.640075756488817049e+01 2.983286778035259701e+01 2.844292530665578411e+01 1.923538406167134340e+01 2.657066051117284644e+01 2.954657340538831534e+01 2.024845673131658685e+01 2.247220505424423109e+01 9.219544457292887074e+00 1.902629759044044633e+01
5.307541803886239506e+01 4.414748010928823163e+01 2.500000000000000000e+01 4.420407221060068537e+01 2.846049894151541437e+01 1.811077027627483460e+01 9.486832980505138124e+00 0.000000000000000000e+00 3.811823710509183627e+01 1.702938636592640265e+01 3.006659275674581622e+01 3.395585369269929288e+01 2.607680962081059661e+01 2.865309756378880479e+01 1.400000000000000000e+01 2.842534080710379030e+01 3.710795063055894616e+01 1.414213562373095101e+01 1.627882059609970611e+01 1.552417469626002422e+01 1.886796226411320632e+01
3.901281840626231912e+01 1.392838827718411920e+01 1.720465053408525335e+01 3.014962686336266984e+01 1.627882059609970611e+01 4.517742799230607176e+01 4.272001872658765365e+01 3.811823710509183627e+01 0.000000000000000000e+00 4.205948168962618183e+01 4.883646178829911833e+01 4.686149805543992386e+01 1.300000000000000000e+01 2.140093455903269515e+01 2.418677324489564739e+01 2.640075756488817049e+01 4.860041152089146976e+01 2.402082429892862692e+01 2.200000000000000000e+01 3.847076812334268681e+01 2.555386467836127551e+01
4.248529157249600274e+01 4.257933771208753626e+01 2.507987240796890660e+01 3.544009029333869876e+01 2.720294101747088789e+01 3.162277660168379523e+00 8.944271909999159220e+00 1.702938636592640265e+01 4.205948168962618183e+01 0.000000000000000000e+00 1.303840481040529831e+01 1.746424919657297892e+01 2.915475947422650194e+01 2.418677324489564739e+01 2.140093455903269515e+01 2.102379604162863913e+01 2.061552812808830382e+01 2.302172886644267535e+01 2.500000000000000000e+01 3.605551275463989125e+00 1.655294535724684835e+01
3.748332962798262713e+01 4.561797891182817466e+01 3.182766092567909766e+01 3.313608305156178346e+01 3.264965543462901820e+01 1.264911064067351809e+01 2.158703314492290204e+01 3.006659275674581622e+01 4.883646178829911833e+01 1.303840481040529831e+01 0.000000000000000000e+00 6.708203932499369415e+00 3.687817782917154830e+01 2.801785145224380003e+01 3.231098884280702066e+01 2.332380757938120297e+01 9.219544457292887074e+00 3.417601498127012150e+01 3.584689665786984136e+01 1.513274595042155646e+01 2.441311123146740414e+01
3.114482300479487265e+01 4.188078318274384770e+01 3.052867504494749440e+01 2.765863337187866122e+01 3.061045573002793319e+01 1.802775637731994607e+01 2.640075756488817049e+01 3.395585369269929288e+01 4.686149805543992386e+01 1.746424919657297892e+01 6.708203932499369415e+00 0.000000000000000000e+00 3.584689665786984136e+01 2.549509756796392423e+01 3.354101966249684352e+01 2.051828452868319275e+01 3.162277660168379523e+00 3.551056180912940619e+01 3.687817782917154830e+01 1.843908891458577415e+01 2.435159132377184221e+01
3.640054944640259293e+01 1.878829422805593552e+01 5.385164807134503739e+00 2.657066051117284644e+01 7.071067811865475505e+00 3.224903099319419653e+01 2.983286778035259701e+01 2.607680962081059661e+01 1.300000000000000000e+01 2.915475947422650194e+01 3.687817782917154830e+01 3.584689665786984136e+01 0.000000000000000000e+00 1.204159457879229578e+01 1.216552506059643868e+01 1.649242250247064234e+01 3.801315561749642313e+01 1.264911064067351809e+01 1.118033988749894903e+01 2.555386467836127551e+01 1.280624847486569706e+01
2.607680962081059661e+01 1.843908891458577415e+01 7.071067811865475505e+00 1.640121946685672683e+01 5.385164807134503739e+00 2.729468812791236232e+01 2.844292530665578411e+01 2.865309756378880479e+01 2.140093455903269515e+01 2.418677324489564739e+01 2.801785145224380003e+01 2.549509756796392423e+01 1.204159457879229578e+01 0.000000000000000000e+00 1.780449381476485726e+01 5.000000000000000000e+00 2.720294101747088789e+01 1.941648783894759944e+01 1.923538406167134340e+01 2.102379604162863913e+01 9.848857801796103928e+00
4.382921400162225467e+01 3.067572330035593353e+01 1.220655561573370207e+01 3.420526275297414287e+01 1.581138830084189628e+01 2.408318915758459156e+01 1.923538406167134340e+01 1.400000000000000000e+01 2.418677324489564739e+01 2.140093455903269515e+01 3.231098884280702066e+01 3.354101966249684352e+01 1.216552506059643868e+01 1.780449381476485726e+01 0.000000000000000000e+00 1.969771560359220786e+01 3.634556369077249371e+01 2.000000000000000000e+00 3.605551275463989125e+00 1.802775637731994607e+01 1.019803902718556898e+01
2.475883680627989492e+01 2.247220505424423109e+01 1.118033988749894903e+01 1.581138830084189628e+01 1.029563014098700080e+01 2.400000000000000000e+01 2.657066051117284644e+01 2.842534080710379030e+01 2.640075756488817049e+01 2.102379604162863913e+01 2.332380757938120297e+01 2.051828452868319275e+01 1.649242250247064234e+01 5.000000000000000000e+00 1.969771560359220786e+01 0.000000000000000000e+00 2.220360331117451835e+01 2.154065922853801496e+01 2.184032966784155505e+01 1.824828759089465890e+01 1.000000000000000000e+01
3.000000000000000000e+01 4.280186911806539030e+01 3.264965543462901820e+01 2.751363298439520833e+01 3.244996147917590434e+01 2.109502310972898798e+01 2.954657340538831534e+01 3.710795063055894616e+01 4.860041152089146976e+01 2.061552812808830382e+01 9.219544457292887074e+00 3.162277660168379523e+00 3.801315561749642313e+01 2.720294101747088789e+01 3.634556369077249371e+01 2.220360331117451835e+01 0.000000000000000000e+00 3.832753579347360073e+01 3.962322551231790158e+01 2.158703314492290204e+01 2.692582403567251959e+01
4.548626166217663780e+01 3.138470965295043058e+01 1.345362404707370985e+01 3.580502757993631491e+01 1.702938636592640265e+01 2.561249694973139412e+01 2.024845673131658685e+01 1.414213562373095101e+01 2.402082429892862692e+01 2.302172886644267535e+01 3.417601498127012150e+01 3.551056180912940619e+01 1.264911064067351809e+01 1.941648783894759944e+01 2.000000000000000000e+00 2.154065922853801496e+01 3.832753579347360073e+01 0.000000000000000000e+00 2.236067977499789805e+00 1.972308292331602075e+01 1.216552506059643868e+01
4.527692569068708650e+01 2.996664812754339380e+01 1.280624847486569706e+01 3.551056180912940619e+01 1.627882059609970611e+01 2.765863337187866122e+01 2.247220505424423109e+01 1.627882059609970611e+01 2.200000000000000000e+01 2.500000000000000000e+01 3.584689665786984136e+01 3.687817782917154830e+01 1.118033988749894903e+01 1.923538406167134340e+01 3.605551275463989125e+00 2.184032966784155505e+01 3.962322551231790158e+01 2.236067977499789805e+00 0.000000000000000000e+00 2.163330765278393741e+01 1.300000000000000000e+01
4.081666326391709987e+01 3.931920650267500150e+01 2.154065922853801496e+01 3.324154027718932269e+01 2.376972864800942631e+01 6.708203932499369415e+00 9.219544457292887074e+00 1.552417469626002422e+01 3.847076812334268681e+01 3.605551275463989125e+00 1.513274595042155646e+01 1.843908891458577415e+01 2.555386467836127551e+01 2.102379604162863913e+01 1.802775637731994607e+01 1.824828759089465890e+01 2.158703314492290204e+01 1.972308292331602075e+01 2.163330765278393741e+01 0.000000000000000000e+00 1.300000000000000000e+01
3.471310991541956525e+01 2.700000000000000000e+01 8.544003745317530374e+00 2.549509756796392423e+01 1.104536101718726115e+01 1.969771560359220786e+01 1.902629759044044633e+01 1.886796226411320632e+01 2.555386467836127551e+01 1.655294535724684835e+01 2.441311123146740414e+01 2.435159132377184221e+01 1.280624847486569706e+01 9.848857801796103928e+00 1.019803902718556898e+01 1.000000000000000000e+01 2.692582403567251959e+01 1.216552506059643868e+01 1.300000000000000000e+01 1.300000000000000000e+01 0.000000000000000000e+00
