0.000000000000000000e+00 1.360147050873544394e+01 1.523154621172781731e+01 1.726267650163206824e+01 1.627882059609970611e+01 2.334523505985750447e+01 1.979898987322333070e+01 1.780449381476485726e+01 1.000000000000000000e+01 2.102379604162863913e+01 8.544003745317530374e+00 1.118033988749894903e+01 1.403566884761819900e+01 2.340939982143925135e+01 2.302172886644267535e+01 2.193171219946130890e+01 1.802775637731994607e+01 1.019803902718556898e+01 2.280350850198275836e+01 1.923538406167134340e+01 7.615773105863908654e+00
1.360147050873544394e+01 0.000000000000000000e+00 2.707397274136176790e+01 3.080584360149872580e+01 2.596150997149434048e+01 3.600000000000000000e+01 1.802775637731994607e+01 2.789265136196270589e+01 1.910497317454279909e+01 3.436568055487916240e+01 2.000000000000000000e+01 2.280350850198275836e+01 5.099019513592784492e+00 3.700000000000000000e+01 1.081665382639196871e+01 3.337663853655727308e+01 2.505992817228333536e+01 2.308679276123039159e+01 3.640054944640259293e+01 6.082762530298219339e+00 2.002498439450078749e+01
1.523154621172781731e+01 2.707397274136176790e+01 0.000000000000000000e+00 9.486832980505138124e+00 5.385164807134503739e+00 9.219544457292887074e+00 3.440930106817050671e+01 5.000000000000000000e+00 2.126029162546929996e+01 9.899494936611665352e+00 1.780449381476485726e+01 1.835755975068581947e+01 2.886173937932362321e+01 1.612451549659709826e+01 3.373425558686599857e+01 6.708203932499369415e+00 2.830194339616981125e+01 5.656854249492380582e+00 1.442220510185595650e+01 3.313608305156178346e+01 7.615773105863908654e+00
1.726267650163206824e+01 3.080584360149872580e+01 9.486832980505138124e+00 0.000000000000000000e+00 1.486606874731850603e+01 9.219544457292887074e+00 3.289376840679705083e+01 1.431782106327635340e+01 1.838477631085023489e+01 4.472135954999579610e+00 1.486606874731850603e+01 1.389244398944980396e+01 3.106444913401813324e+01 7.071067811865475505e+00 3.939543120718441571e+01 1.236931687685298087e+01 2.343074902771996193e+01 8.602325267042626677e+00 5.830951894845300743e+00 3.649657518178931781e+01 1.166190378969060149e+01
1.627882059609970611e+01 2.596150997149434048e+01 5.385164807134503739e+00 1.486606874731850603e+01 0.000000000000000000e+00 1.303840481040529831e+01 3.606937759374286401e+01 2.000000000000000000e+00 2.418677324489564739e+01 1.500000000000000000e+01 2.102379604162863913e+01 2.213594362117865444e+01 2.863564212655270680e+01 2.147091055358388800e+01 3.106444913401813324e+01 8.246211251235321171e+00 3.178049716414140846e+01 9.219544457292887074e+00 1.972308292331602075e+01 3.201562118716424266e+01 9.433981132056603158e+00
2.334523505985750447e+01 3.600000000000000000e+01 9.219544457292887074e+00 9.219544457292887074e+00 1.303840481040529831e+01 0.000000000000000000e+00 4.114608122288196768e+01 1.140175425099137918e+01 2.692582403567251959e+01 5.385164807134503739e+00 2.332380757938120297e+01 2.280350850198275836e+01 3.733630940518894192e+01 1.204159457879229578e+01 4.295346318982905842e+01 5.830951894845300743e+00 3.255764119219941222e+01 1.315294643796590535e+01 1.004987562112088995e+01 4.201190307520000999e+01 1.603121954188139853e+01
1.979898987322333070e+01 1.802775637731994607e+01 3.440930106817050671e+01 3.289376840679705083e+01 3.606937759374286401e+01 4.114608122288196768e+01 0.000000000000000000e+00 3.753664875824691904e+01 1.456021977856103611e+01 3.733630940518894192e+01 1.802775637731994607e+01 1.941648783894759944e+01 1.300000000000000000e+01 3.649657518178931781e+01 2.745906043549196340e+01 4.104875150354758517e+01 1.360147050873544394e+01 2.884441020371191300e+01 3.687817782917154830e+01 1.772004514666934938e+01 2.701851217221259205e+01
1.780449381476485726e+01 2.789265136196270589e+01 5.000000000000000000e+00 1.431782106327635340e+01 2.000000000000000000e+00 1.140175425099137918e+01 3.753664875824691904e+01 0.000000000000000000e+00 2.523885892824792521e+01 1.389244398944980396e+01 2.195449840010014952e+01 2.284731931759172596e+01 3.046309242345563462e+01 2.061552812808830382e+01 3.306055050963308162e+01 6.324555320336759046e+00 3.264965543462901820e+01 9.848857801796103928e+00 1.878829422805593552e+01 3.395585369269929288e+01 1.063014581273464998e+01
1.000000000000000000e+01 1.910497317454279909e+01 2.126029162546929996e+01 1.838477631085023489e+01 2.418677324489564739e+01 2.692582403567251959e+01 1.456021977856103611e+01 2.523885892824792521e+01 0.000000000000000000e+00 2.284731931759172596e+01 3.605551275463989125e+00 5.000000000000000000e+00 1.664331697709323876e+01 2.209072203437452231e+01 2.983286778035259701e+01 2.758622844826744469e+01 8.062257748298549132e+00 1.562049935181330795e+01 2.236067977499789805e+01 2.302172886644267535e+01 1.476482306023340030e+01
2.102379604162863913e+01 3.436568055487916240e+01 9.899494936611665352e+00 4.472135954999579610e+00 1.500000000000000000e+01 5.385164807134503739e+00 3.733630940518894192e+01 1.389244398944980396e+01 2.284731931759172596e+01 0.000000000000000000e+00 1.931320791582796659e+01 1.835755975068581947e+01 3.500000000000000000e+01 7.071067811865475505e+00 4.237924020083418242e+01 1.004987562112088995e+01 2.780287754891568852e+01 1.140175425099137918e+01 5.099019513592784492e+00 4.019950248448355978e+01 1.456021977856103611e+01
8.544003745317530374e+00 2.000000000000000000e+01 1.780449381476485726e+01 1.486606874731850603e+01 2.102379604162863913e+01 2.332380757938120297e+01 1.802775637731994607e+01 2.195449840010014952e+01 3.605551275463989125e+00 1.931320791582796659e+01 0.000000000000000000e+00 2.828427124746190291e+00 1.838477631085023489e+01 1.900000000000000000e+01 3.041381265149109936e+01 2.404163056034261459e+01 1.077032961426900748e+01 1.220655561573370207e+01 1.910497317454279909e+01 2.459674775249768786e+01 1.170469991071962568e+01
1.118033988749894903e+01 2.280350850198275836e+01 1.835755975068581947e+01 1.389244398944980396e+01 2.213594362117865444e+01 2.280350850198275836e+01 1.941648783894759944e+01 2.284731931759172596e+01 5.000000000000000000e+00 1.835755975068581947e+01 2.828427124746190291e+00 0.000000000000000000e+00 2.102379604162863913e+01 1.711724276862369010e+01 3.324154027718932269e+01 2.420743687382040932e+01 1.000000000000000000e+01 1.300000000000000000e+01 1.746424919657297892e+01 2.729468812791236232e+01 1.315294643796590535e+01
1.403566884761819900e+01 5.099019513592784492e+00 2.886173937932362321e+01 3.106444913401813324e+01 2.863564212655270680e+01 3.733630940518894192e+01 1.300000000000000000e+01 3.046309242345563462e+01 1.664331697709323876e+01 3.500000000000000000e+01 1.838477631085023489e+01 2.102379604162863913e+01 0.000000000000000000e+00 3.667424164178449786e+01 1.486606874731850603e+01 3.544009029333869876e+01 2.140093455903269515e+01 2.418677324489564739e+01 3.634556369077249371e+01 6.403124237432848531e+00 2.137755832643194864e+01
2.340939982143925135e+01 3.700000000000000000e+01 1.612451549659709826e+01 7.071067811865475505e+00 2.147091055358388800e+01 1.204159457879229578e+01 3.649657518178931781e+01 2.061552812808830382e+01 2.209072203437452231e+01 7.071067811865475505e+00 1.900000000000000000e+01 1.711724276862369010e+01 3.667424164178449786e+01 0.000000000000000000e+00 4.606517122512408235e+01 1.711724276862369010e+01 2.507987240796890660e+01 1.562049935181330795e+01 2.000000000000000000e+00 4.244997055358224713e+01 1.860107523773827509e+01
2.302172886644267535e+01 1.081665382639196871e+01 3.373425558686599857e+01 3.939543120718441571e+01 3.106444913401813324e+01 4.295346318982905842e+01 2.745906043549196340e+01 3.306055050963308162e+01 2.983286778035259701e+01 4.237924020083418242e+01 3.041381265149109936e+01 3.324154027718932269e+01 1.486606874731850603e+01 4.606517122512408235e+01 0.000000000000000000e+00 3.920459156782531807e+01 3.584689665786984136e+01 3.101612483854164637e+01 4.518849411078001310e+01 1.000000000000000000e+01 2.785677655436823841e+01
2.193171219946130890e+01 3.337663853655727308e+01 6.708203932499369415e+00 1.236931687685298087e+01 8.246211251235321171e+00 5.830951894845300743e+00 4.104875150354758517e+01 6.324555320336759046e+00 2.758622844826744469e+01 1.004987562112088995e+01 2.404163056034261459e+01 2.420743687382040932e+01 3.544009029333869876e+01 1.711724276862369010e+01 3.920459156782531807e+01 0.000000000000000000e+00 3.420526275297414287e+01 1.220655561573370207e+01 1.513274595042155646e+01 3.945883931389771959e+01 1.431782106327635340e+01
1.802775637731994607e+01 2.505992817228333536e+01 2.830194339616981125e+01 2.343074902771996193e+01 3.178049716414140846e+01 3.255764119219941222e+01 1.360147050873544394e+01 3.264965543462901820e+01 8.062257748298549132e+00 2.780287754891568852e+01 1.077032961426900748e+01 1.000000000000000000e+01 2.140093455903269515e+01 2.507987240796890660e+01 3.584689665786984136e+01 3.420526275297414287e+01 0.000000000000000000e+00 2.282542442102665348e+01 2.594224354214569317e+01 2.765863337187866122e+01 2.247220505424423109e+01
1.019803902718556898e+01 2.308679276123039159e+01 5.656854249492380582e+00 8.602325267042626677e+00 9.219544457292887074e+00 1.315294643796590535e+01 2.884441020371191300e+01 9.848857801796103928e+00 1.562049935181330795e+01 1.140175425099137918e+01 1.220655561573370207e+01 1.300000000000000000e+01 2.418677324489564739e+01 1.562049935181330795e+01 3.101612483854164637e+01 1.220655561573370207e+01 2.282542442102665348e+01 0.000000000000000000e+00 1.442220510185595650e+01 2.901723625709381693e+01 3.162277660168379523e+00
2.280350850198275836e+01 3.640054944640259293e+01 1.442220510185595650e+01 5.830951894845300743e+00 1.972308292331602075e+01 1.004987562112088995e+01 3.687817782917154830e+01 1.878829422805593552e+01 2.236067977499789805e+01 5.099019513592784492e+00 1.910497317454279909e+01 1.746424919657297892e+01 3.634556369077249371e+01 2.000000000000000000e+00 4.518849411078001310e+01 1.513274595042155646e+01 2.594224354214569317e+01 1.442220510185595650e+01 0.000000000000000000e+00 4.197618372363071160e+01 1.749285568453590045e+01
1.923538406167134340e+01 6.082762530298219339e+00 3.313608305156178346e+01 3.649657518178931781e+01 3.201562118716424266e+01 4.201190307520000999e+01 1.772004514666934938e+01 3.395585369269929288e+01 2.302172886644267535e+01 4.019950248448355978e+01 2.459674775249768786e+01 2.729468812791236232e+01 6.403124237432848531e+00 4.244997055358224713e+01 1.000000000000000000e+01 3.945883931389771959e+01 2.765863337187866122e+01 2.901723625709381693e+01 4.197618372363071160e+01 0.000000000000000000e+00 2.600000000000000000e+01
7.615773105863908654e+00 2.002498439450078749e+01 7.615773105863908654e+00 1.166190378969060149e+01 9.433981132056603158e+00 1.603121954188139853e+01 2.701851217221259205e+01 1.063014581273464998e+01 1.476482306023340030e+01 1.456021977856103611e+01 1.170469991071962568e+01 1.315294643796590535e+01 2.137755832643194864e+01 1.860107523773827509e+01 2.785677655436823841e+01 1.431782106327635340e+01 2.247220505424423109e+01 3.162277660168379523e+00 1.749285568453590045e+01 2.600000000000000000e+01 0.000000000000000000e+00
