0.000000000000000000e+00 1.984943324127920761e+01 1.019803902718556898e+01 1.118033988749894903e+01 2.137755832643194864e+01 9.486832980505138124e+00 1.431782106327635340e+01 2.262741699796952233e+01 3.298484500494128469e+01 2.624880949681337583e+01 1.300000000000000000e+01 2.692582403567251959e+01 1.902629759044044633e+01 3.114482300479487265e+01 3.162277660168379523e+00 1.746424919657297892e+01 1.029563014098700080e+01 1.726267650163206824e+01 1.824828759089465890e+01 1.941648783894759944e+01 8.246211251235321171e+00 3.605551275463989125e+00 2.473863375370596174e+01
1.984943324127920761e+01 0.000000000000000000e+00 1.208304597359457233e+01 2.624880949681337583e+01 3.894868418830089496e+01 2.600000000000000000e+01 2.751363298439520833e+01 4.244997055358224713e+01 4.554119014694280310e+01 3.306055050963308162e+01 2.692582403567251959e+01 4.548626166217663780e+01 1.264911064067351809e+01 4.753945729601885262e+01 2.126029162546929996e+01 3.640054944640259293e+01 2.973213749463701205e+01 3.231098884280702066e+01 1.044030650891055068e+01 3.106444913401813324e+01 1.772004514666934938e+01 1.920937271229854559e+01 4.254409477236529824e+01
1.019803902718556898e+01 1.208304597359457233e+01 0.000000000000000000e+00 2.022374841615668473e+01 2.692582403567251959e+01 1.902629759044044633e+01 1.552417469626002422e+01 3.162277660168379256e+01 3.405877273185280529e+01 2.308679276123039159e+01 1.486606874731850603e+01 3.360059523282288296e+01 9.055385138137417300e+00 3.546829570193639825e+01 1.029563014098700080e+01 2.475883680627989492e+01 1.860107523773827509e+01 2.024845673131658685e+01 8.062257748298549132e+00 2.751363298439520833e+01 1.341640786499873883e+01 8.062257748298549132e+00 3.052867504494749440e+01
1.118033988749894903e+01 2.624880949681337583e+01 2.022374841615668473e+01 0.000000000000000000e+00 2.668332812825266842e+01 2.236067977499789805e+00 2.408318915758459156e+01 2.184032966784155505e+01 4.114608122288196768e+01 3.679673898594819548e+01 2.267156809750926882e+01 3.000000000000000000e+01 2.927456233660889495e+01 3.667424164178449786e+01 1.360147050873544394e+01 2.121320343559642652e+01 1.486606874731850603e+01 2.555386467836127551e+01 2.807133769523639799e+01 8.485281374238569541e+00 8.544003745317530374e+00 1.476482306023340030e+01 2.927456233660889495e+01
2.137755832643194864e+01 3.894868418830089496e+01 2.692582403567251959e+01 2.668332812825266842e+01 0.000000000000000000e+00 2.451530134426252516e+01 1.280624847486569706e+01 1.300000000000000000e+01 1.627882059609970611e+01 2.102379604162863913e+01 1.272792206135785520e+01 7.211102550927978250e+00 3.182766092567909766e+01 1.004987562112088995e+01 1.868154169226940553e+01 5.830951894845300743e+00 1.204159457879229578e+01 8.062257748298549132e+00 3.255764119219941222e+01 3.417601498127012150e+01 2.906888370749726747e+01 2.024845673131658685e+01 3.605551275463989125e+00
9.486832980505138124e+00 2.600000000000000000e+01 1.902629759044044633e+01 2.236067977499789805e+00 2.451530134426252516e+01 0.000000000000000000e+00 2.193171219946130890e+01 2.024845673131658685e+01 3.891015291668743714e+01 3.471310991541956525e+01 2.051828452868319275e+01 2.801785145224380003e+01 2.807133769523639799e+01 3.452535300326413648e+01 1.166190378969060149e+01 1.910497317454279909e+01 1.264911064067351809e+01 2.332380757938120297e+01 2.700000000000000000e+01 1.063014581273464998e+01 8.602325267042626677e+00 1.300000000000000000e+01 2.716615541441224835e+01
1.431782106327635340e+01 2.751363298439520833e+01 1.552417469626002422e+01 2.408318915758459156e+01 1.280624847486569706e+01 2.193171219946130890e+01 0.000000000000000000e+00 2.220360331117451835e+01 1.910497317454279909e+01 1.303840481040529831e+01 1.414213562373095145e+00 2.000000000000000000e+01 1.910497317454279909e+01 2.012461179749810825e+01 1.118033988749894903e+01 1.334166406412633421e+01 1.170469991071962568e+01 5.000000000000000000e+00 2.000000000000000000e+01 3.255764119219941222e+01 2.247220505424423109e+01 1.140175425099137918e+01 1.627882059609970611e+01
2.262741699796952233e+01 4.244997055358224713e+01 3.162277660168379256e+01 2.184032966784155505e+01 1.300000000000000000e+01 2.024845673131658685e+01 2.220360331117451835e+01 0.000000000000000000e+00 2.884441020371191300e+01 3.324154027718932269e+01 2.137755832643194864e+01 1.081665382639196871e+01 3.891015291668743714e+01 1.984943324127920761e+01 2.140093455903269515e+01 9.000000000000000000e+00 1.303840481040529831e+01 1.902629759044044633e+01 3.894868418830089496e+01 2.700000000000000000e+01 2.778488797889960793e+01 2.360084744241189370e+01 1.280624847486569706e+01
3.298484500494128469e+01 4.554119014694280310e+01 3.405877273185280529e+01 4.114608122288196768e+01 1.627882059609970611e+01 3.891015291668743714e+01 1.910497317454279909e+01 2.884441020371191300e+01 0.000000000000000000e+00 1.500000000000000000e+01 2.022374841615668473e+01 1.931320791582796659e+01 3.478505426185217431e+01 1.104536101718726115e+01 2.983286778035259701e+01 2.193171219946130890e+01 2.641968962724581260e+01 1.581138830084189628e+01 3.640054944640259293e+01 4.924428900898052319e+01 4.123105625617660763e+01 3.041381265149109936e+01 1.612451549659709826e+01
2.624880949681337583e+01 3.306055050963308162e+01 2.308679276123039159e+01 3.679673898594819548e+01 2.102379604162863913e+01 3.471310991541956525e+01 1.303840481040529831e+01 3.324154027718932269e+01 1.500000000000000000e+01 0.000000000000000000e+00 1.442220510185595650e+01 2.745906043549196340e+01 2.109502310972898798e+01 2.282542442102665348e+01 2.334523505985750447e+01 2.433105012119287736e+01 2.459674775249768786e+01 1.431782106327635340e+01 2.302172886644267535e+01 4.527692569068708650e+01 3.383784863137726262e+01 2.280350850198275836e+01 2.334523505985750447e+01
1.300000000000000000e+01 2.692582403567251959e+01 1.486606874731850603e+01 2.267156809750926882e+01 1.272792206135785520e+01 2.051828452868319275e+01 1.414213562373095145e+00 2.137755832643194864e+01 2.022374841615668473e+01 1.442220510185595650e+01 0.000000000000000000e+00 1.984943324127920761e+01 1.910497317454279909e+01 2.061552812808830382e+01 9.848857801796103928e+00 1.264911064067351809e+01 1.044030650891055068e+01 5.385164807134503739e+00 1.984943324127920761e+01 3.114482300479487265e+01 2.118962010041709121e+01 1.019803902718556898e+01 1.627882059609970611e+01
2.692582403567251959e+01 4.548626166217663780e+01 3.360059523282288296e+01 3.000000000000000000e+01 7.211102550927978250e+00 2.801785145224380003e+01 2.000000000000000000e+01 1.081665382639196871e+01 1.931320791582796659e+01 2.745906043549196340e+01 1.984943324127920761e+01 0.000000000000000000e+00 3.894868418830089496e+01 9.219544457292887074e+00 2.459674775249768786e+01 9.486832980505138124e+00 1.676305461424021104e+01 1.526433752247374720e+01 3.959797974644666141e+01 3.649657518178931781e+01 3.395585369269929288e+01 2.641968962724581260e+01 4.123105625617660586e+00
1.902629759044044633e+01 1.264911064067351809e+01 9.055385138137417300e+00 2.927456233660889495e+01 3.182766092567909766e+01 2.807133769523639799e+01 1.910497317454279909e+01 3.891015291668743714e+01 3.478505426185217431e+01 2.109502310972898798e+01 1.910497317454279909e+01 3.894868418830089496e+01 0.000000000000000000e+00 3.883297567789519888e+01 1.843908891458577415e+01 3.106444913401813324e+01 2.600000000000000000e+01 2.408318915758459156e+01 2.236067977499789805e+00 3.640054944640259293e+01 2.213594362117865444e+01 1.627882059609970611e+01 3.535533905932737753e+01
3.114482300479487265e+01 4.753945729601885262e+01 3.546829570193639825e+01 3.667424164178449786e+01 1.004987562112088995e+01 3.452535300326413648e+01 2.012461179749810825e+01 1.984943324127920761e+01 1.104536101718726115e+01 2.282542442102665348e+01 2.061552812808830382e+01 9.219544457292887074e+00 3.883297567789519888e+01 0.000000000000000000e+00 2.828427124746190202e+01 1.552417469626002422e+01 2.209072203437452231e+01 1.523154621172781731e+01 3.996248240537617136e+01 4.396589587396121601e+01 3.901281840626231912e+01 2.961418578992169515e+01 7.615773105863908654e+00
3.162277660168379523e+00 2.126029162546929996e+01 1.029563014098700080e+01 1.360147050873544394e+01 1.868154169226940553e+01 1.166190378969060149e+01 1.118033988749894903e+01 2.140093455903269515e+01 2.983286778035259701e+01 2.334523505985750447e+01 9.848857801796103928e+00 2.459674775249768786e+01 1.843908891458577415e+01 2.828427124746190202e+01 0.000000000000000000e+00 1.526433752247374720e+01 8.485281374238569541e+00 1.414213562373095101e+01 1.802775637731994607e+01 2.202271554554523902e+01 1.140175425099137918e+01 2.236067977499789805e+00 2.213594362117865444e+01
1.746424919657297892e+01 3.640054944640259293e+01 2.475883680627989492e+01 2.121320343559642652e+01 5.830951894845300743e+00 1.910497317454279909e+01 1.334166406412633421e+01 9.000000000000000000e+00 2.193171219946130890e+01 2.433105012119287736e+01 1.264911064067351809e+01 9.486832980505138124e+00 3.106444913401813324e+01 1.552417469626002422e+01 1.526433752247374720e+01 0.000000000000000000e+00 7.280109889280518054e+00 1.004987562112088995e+01 3.140063693621516450e+01 2.846049894151541437e+01 2.451530134426252516e+01 1.720465053408525335e+01 8.062257748298549132e+00
1.029563014098700080e+01 2.973213749463701205e+01 1.860107523773827509e+01 1.486606874731850603e+01 1.204159457879229578e+01 1.264911064067351809e+01 1.170469991071962568e+01 1.303840481040529831e+01 2.641968962724581260e+01 2.459674775249768786e+01 1.044030650891055068e+01 1.676305461424021104e+01 2.600000000000000000e+01 2.209072203437452231e+01 8.485281374238569541e+00 7.280109889280518054e+00 0.000000000000000000e+00 1.131370849898476116e+01 2.594224354214569317e+01 2.282542442102665348e+01 1.726267650163206824e+01 1.063014581273464998e+01 1.503329637837290811e+01
1.726267650163206824e+01 3.231098884280702066e+01 2.024845673131658685e+01 2.555386467836127551e+01 8.062257748298549132e+00 2.332380757938120297e+01 5.000000000000000000e+00 1.902629759044044633e+01 1.581138830084189628e+01 1.431782106327635340e+01 5.385164807134503739e+00 1.526433752247374720e+01 2.408318915758459156e+01 1.523154621172781731e+01 1.414213562373095101e+01 1.004987562112088995e+01 1.131370849898476116e+01 0.000000000000000000e+00 2.500000000000000000e+01 3.383784863137726262e+01 2.549509756796392423e+01 1.500000000000000000e+01 1.140175425099137918e+01
1.824828759089465890e+01 1.044030650891055068e+01 8.062257748298549132e+00 2.807133769523639799e+01 3.255764119219941222e+01 2.700000000000000000e+01 2.000000000000000000e+01 3.894868418830089496e+01 3.640054944640259293e+01 2.302172886644267535e+01 1.984943324127920761e+01 3.959797974644666141e+01 2.236067977499789805e+00 3.996248240537617136e+01 1.802775637731994607e+01 3.140063693621516450e+01 2.594224354214569317e+01 2.500000000000000000e+01 0.000000000000000000e+00 3.492849839314595783e+01 2.061552812808830382e+01 1.581138830084189628e+01 3.612478373637688378e+01
1.941648783894759944e+01 3.106444913401813324e+01 2.751363298439520833e+01 8.485281374238569541e+00 3.417601498127012150e+01 1.063014581273464998e+01 3.255764119219941222e+01 2.700000000000000000e+01 4.924428900898052319e+01 4.527692569068708650e+01 3.114482300479487265e+01 3.649657518178931781e+01 3.640054944640259293e+01 4.396589587396121601e+01 2.202271554554523902e+01 2.846049894151541437e+01 2.282542442102665348e+01 3.383784863137726262e+01 3.492849839314595783e+01 0.000000000000000000e+00 1.431782106327635340e+01 2.302172886644267535e+01 3.640054944640259293e+01
8.246211251235321171e+00 1.772004514666934938e+01 1.341640786499873883e+01 8.544003745317530374e+00 2.906888370749726747e+01 8.602325267042626677e+00 2.247220505424423109e+01 2.778488797889960793e+01 4.123105625617660763e+01 3.383784863137726262e+01 2.118962010041709121e+01 3.395585369269929288e+01 2.213594362117865444e+01 3.901281840626231912e+01 1.140175425099137918e+01 2.451530134426252516e+01 1.726267650163206824e+01 2.549509756796392423e+01 2.061552812808830382e+01 1.431782106327635340e+01 0.000000000000000000e+00 1.118033988749894903e+01 3.224903099319419653e+01
3.605551275463989125e+00 1.920937271229854559e+01 8.062257748298549132e+00 1.476482306023340030e+01 2.024845673131658685e+01 1.300000000000000000e+01 1.140175425099137918e+01 2.360084744241189370e+01 3.041381265149109936e+01 2.280350850198275836e+01 1.019803902718556898e+01 2.641968962724581260e+01 1.627882059609970611e+01 2.961418578992169515e+01 2.236067977499789805e+00 1.720465053408525335e+01 1.063014581273464998e+01 1.500000000000000000e+01 1.581138830084189628e+01 2.302172886644267535e+01 1.118033988749894903e+01 0.000000000000000000e+00 2.376972864800942631e+01
2.473863375370596174e+01 4.254409477236529824e+01 3.052867504494749440e+01 2.927456233660889495e+01 3.605551275463989125e+00 2.716615541441224835e+01 1.627882059609970611e+01 1.280624847486569706e+01 1.612451549659709826e+01 2.334523505985750447e+01 1.627882059609970611e+01 4.123105625617660586e+00 3.535533905932737753e+01 7.615773105863908654e+00 2.213594362117865444e+01 8.062257748298549132e+00 1.503329637837290811e+01 1.140175425099137918e+01 3.612478373637688378e+01 3.640054944640259293e+01 3.224903099319419653e+01 2.376972864800942631e+01 0.000000000000000000e+00
