0.000000000000000000e+00 1.303840481040529831e+01 2.059126028197400160e+01 5.099019513592784492e+00 3.405877273185280529e+01 2.236067977499789805e+00 2.801785145224380003e+01 1.081665382639196871e+01 1.769180601295413169e+01 3.088689042296100240e+01 2.202271554554523902e+01 2.915475947422650194e+01 2.745906043549196340e+01 8.062257748298549132e+00 2.061552812808830382e+01 2.469817807045693669e+01 2.555386467836127551e+01 1.431782106327635340e+01 1.552417469626002422e+01 1.910497317454279909e+01 1.800000000000000000e+01 2.220360331117451835e+01
1.303840481040529831e+01 0.000000000000000000e+00 1.104536101718726115e+01 1.697056274847713908e+01 3.264965543462901820e+01 1.204159457879229578e+01 1.802775637731994607e+01 1.676305461424021104e+01 6.082762530298219339e+00 1.788854381999831844e+01 1.360147050873544394e+01 1.843908891458577415e+01 3.026549190084311292e+01 5.000000000000000000e+00 2.308679276123039159e+01 3.006659275674581622e+01 3.764306044943742080e+01 2.061552812808830382e+01 2.662705391138869615e+01 2.109502310972898798e+01 9.899494936611665352e+00 2.507987240796890660e+01
2.059126028197400160e+01 1.104536101718726115e+01 0.000000000000000000e+00 2.549509756796392423e+01 4.308131845707602992e+01 2.061552812808830382e+01 2.475883680627989492e+01 2.729468812791236232e+01 5.385164807134503739e+00 1.726267650163206824e+01 2.247220505424423109e+01 2.420743687382040932e+01 4.130375285612676350e+01 1.431782106327635340e+01 3.413209633175202384e+01 4.101219330881975367e+01 4.614108798023730884e+01 3.125699921617556853e+01 3.584689665786984136e+01 3.214031735997639316e+01 1.969771560359220786e+01 3.612478373637688378e+01
5.099019513592784492e+00 1.697056274847713908e+01 2.549509756796392423e+01 0.000000000000000000e+00 3.190611226708763226e+01 5.000000000000000000e+00 2.961418578992169515e+01 8.062257748298549132e+00 2.220360331117451835e+01 3.440930106817050671e+01 2.334523505985750447e+01 3.104834939252004844e+01 2.408318915758459156e+01 1.204159457879229578e+01 1.780449381476485726e+01 2.059126028197400160e+01 2.080865204668481283e+01 1.063014581273464998e+01 1.044030650891055068e+01 1.664331697709323876e+01 1.964688270438849926e+01 1.910497317454279909e+01
3.405877273185280529e+01 3.264965543462901820e+01 4.308131845707602992e+01 3.190611226708763226e+01 0.000000000000000000e+00 3.189043743820394994e+01 2.308679276123039159e+01 2.385372088375312671e+01 3.769615364994152884e+01 3.701351104664349378e+01 2.137755832643194864e+01 2.517935662402834396e+01 1.104536101718726115e+01 3.220248437620923454e+01 1.431782106327635340e+01 1.702938636592640265e+01 3.900000000000000000e+01 2.193171219946130890e+01 3.080584360149872580e+01 1.526433752247374720e+01 2.340939982143925135e+01 1.360147050873544394e+01
2.236067977499789805e+00 1.204159457879229578e+01 2.061552812808830382e+01 5.000000000000000000e+00 3.189043743820394994e+01 0.000000000000000000e+00 2.607680962081059661e+01 8.944271909999159220e+00 1.720465053408525335e+01 2.968164415931165934e+01 2.000000000000000000e+01 2.729468812791236232e+01 2.555386467836127551e+01 7.071067811865475505e+00 1.860107523773827509e+01 2.308679276123039159e+01 2.580697580112788003e+01 1.264911064067351809e+01 1.523154621172781731e+01 1.702938636592640265e+01 1.603121954188139853e+01 2.024845673131658685e+01
2.801785145224380003e+01 1.802775637731994607e+01 2.475883680627989492e+01 2.961418578992169515e+01 2.308679276123039159e+01 2.607680962081059661e+01 0.000000000000000000e+00 2.416609194718914466e+01 2.000000000000000000e+01 1.403566884761819900e+01 6.324555320336759046e+00 2.236067977499789805e+00 2.729468812791236232e+01 2.121320343559642652e+01 2.267156809750926882e+01 3.061045573002793319e+01 4.701063709417263681e+01 2.607680962081059661e+01 3.577708763999663688e+01 2.121320343559642652e+01 1.004987562112088995e+01 2.420743687382040932e+01
1.081665382639196871e+01 1.676305461424021104e+01 2.729468812791236232e+01 8.062257748298549132e+00 2.385372088375312671e+01 8.944271909999159220e+00 2.416609194718914466e+01 0.000000000000000000e+00 2.280350850198275836e+01 3.189043743820394994e+01 1.788854381999831844e+01 2.594224354214569317e+01 1.664331697709323876e+01 1.303840481040529831e+01 9.899494936611665352e+00 1.431782106327635340e+01 2.302172886644267535e+01 4.000000000000000000e+00 1.166190378969060149e+01 8.602325267042626677e+00 1.500000000000000000e+01 1.140175425099137918e+01
1.769180601295413169e+01 6.082762530298219339e+00 5.385164807134503739e+00 2.220360331117451835e+01 3.769615364994152884e+01 1.720465053408525335e+01 2.000000000000000000e+01 2.280350850198275836e+01 0.000000000000000000e+00 1.513274595042155646e+01 1.720465053408525335e+01 1.972308292331602075e+01 3.612478373637688378e+01 1.029563014098700080e+01 2.901723625709381693e+01 3.612478373637688378e+01 4.301162633521313694e+01 2.668332812825266842e+01 3.224903099319419653e+01 2.701851217221259205e+01 1.431782106327635340e+01 3.101612483854164637e+01
3.088689042296100240e+01 1.788854381999831844e+01 1.726267650163206824e+01 3.440930106817050671e+01 3.701351104664349378e+01 2.968164415931165934e+01 1.403566884761819900e+01 3.189043743820394994e+01 1.513274595042155646e+01 0.000000000000000000e+00 1.676305461424021104e+01 1.216552506059643868e+01 3.984971769034255118e+01 2.282542442102665348e+01 3.401470270338990076e+01 4.204759208325727826e+01 5.448853090330111115e+01 3.500000000000000000e+01 4.313930922024598402e+01 3.220248437620923454e+01 1.749285568453590045e+01 3.584689665786984136e+01
2.202271554554523902e+01 1.360147050873544394e+01 2.247220505424423109e+01 2.334523505985750447e+01 2.137755832643194864e+01 2.000000000000000000e+01 6.324555320336759046e+00 1.788854381999831844e+01 1.720465053408525335e+01 1.676305461424021104e+01 0.000000000000000000e+00 8.062257748298549132e+00 2.308679276123039159e+01 1.581138830084189628e+01 1.749285568453590045e+01 2.555386467836127551e+01 4.081666326391709987e+01 2.000000000000000000e+01 2.952964612046680060e+01 1.581138830084189628e+01 4.123105625617660586e+00 1.923538406167134340e+01
2.915475947422650194e+01 1.843908891458577415e+01 2.420743687382040932e+01 3.104834939252004844e+01 2.517935662402834396e+01 2.729468812791236232e+01 2.236067977499789805e+00 2.594224354214569317e+01 1.972308292331602075e+01 1.216552506059643868e+01 8.062257748298549132e+00 0.000000000000000000e+00 2.952964612046680060e+01 2.202271554554523902e+01 2.483948469674844262e+01 3.280243893371345365e+01 4.887739763939974580e+01 2.801785145224380003e+01 3.758989225842500304e+01 2.334523505985750447e+01 1.140175425099137918e+01 2.640075756488817049e+01
2.745906043549196340e+01 3.026549190084311292e+01 4.130375285612676350e+01 2.408318915758459156e+01 1.104536101718726115e+01 2.555386467836127551e+01 2.729468812791236232e+01 1.664331697709323876e+01 3.612478373637688378e+01 3.984971769034255118e+01 2.308679276123039159e+01 2.952964612046680060e+01 0.000000000000000000e+00 2.816025568065744622e+01 7.280109889280518054e+00 6.000000000000000000e+00 2.801785145224380003e+01 1.345362404707370985e+01 2.061552812808830382e+01 9.219544457292887074e+00 2.319482700948640286e+01 5.385164807134503739e+00
8.062257748298549132e+00 5.000000000000000000e+00 1.431782106327635340e+01 1.204159457879229578e+01 3.220248437620923454e+01 7.071067811865475505e+00 2.121320343559642652e+01 1.303840481040529831e+01 1.029563014098700080e+01 2.282542442102665348e+01 1.581138830084189628e+01 2.202271554554523902e+01 2.816025568065744622e+01 0.000000000000000000e+00 2.088061301782110135e+01 2.707397274136176790e+01 3.280243893371345365e+01 1.702938636592640265e+01 2.195449840010014952e+01 1.897366596101027625e+01 1.170469991071962568e+01 2.280350850198275836e+01
2.061552812808830382e+01 2.308679276123039159e+01 3.413209633175202384e+01 1.780449381476485726e+01 1.431782106327635340e+01 1.860107523773827509e+01 2.267156809750926882e+01 9.899494936611665352e+00 2.901723625709381693e+01 3.401470270338990076e+01 1.749285568453590045e+01 2.483948469674844262e+01 7.280109889280518054e+00 2.088061301782110135e+01 0.000000000000000000e+00 8.062257748298549132e+00 2.668332812825266842e+01 7.615773105863908654e+00 1.702938636592640265e+01 2.000000000000000000e+00 1.676305461424021104e+01 2.000000000000000000e+00
2.469817807045693669e+01 3.006659275674581622e+01 4.101219330881975367e+01 2.059126028197400160e+01 1.702938636592640265e+01 2.308679276123039159e+01 3.061045573002793319e+01 1.431782106327635340e+01 3.612478373637688378e+01 4.204759208325727826e+01 2.555386467836127551e+01 3.280243893371345365e+01 6.000000000000000000e+00 2.707397274136176790e+01 8.062257748298549132e+00 0.000000000000000000e+00 2.202271554554523902e+01 1.044030650891055068e+01 1.526433752247374720e+01 9.848857801796103928e+00 2.469817807045693669e+01 6.403124237432848531e+00
2.555386467836127551e+01 3.764306044943742080e+01 4.614108798023730884e+01 2.080865204668481283e+01 3.900000000000000000e+01 2.580697580112788003e+01 4.701063709417263681e+01 2.302172886644267535e+01 4.301162633521313694e+01 5.448853090330111115e+01 4.081666326391709987e+01 4.887739763939974580e+01 2.801785145224380003e+01 3.280243893371345365e+01 2.668332812825266842e+01 2.202271554554523902e+01 0.000000000000000000e+00 2.102379604162863913e+01 1.140175425099137918e+01 2.720294101747088789e+01 3.801315561749642313e+01 2.630589287593181069e+01
1.431782106327635340e+01 2.061552812808830382e+01 3.125699921617556853e+01 1.063014581273464998e+01 2.193171219946130890e+01 1.264911064067351809e+01 2.607680962081059661e+01 4.000000000000000000e+00 2.668332812825266842e+01 3.500000000000000000e+01 2.000000000000000000e+01 2.801785145224380003e+01 1.345362404707370985e+01 1.702938636592640265e+01 7.615773105863908654e+00 1.044030650891055068e+01 2.102379604162863913e+01 0.000000000000000000e+00 1.019803902718556898e+01 7.071067811865475505e+00 1.769180601295413169e+01 8.602325267042626677e+00
1.552417469626002422e+01 2.662705391138869615e+01 3.584689665786984136e+01 1.044030650891055068e+01 3.080584360149872580e+01 1.523154621172781731e+01 3.577708763999663688e+01 1.166190378969060149e+01 3.224903099319419653e+01 4.313930922024598402e+01 2.952964612046680060e+01 3.758989225842500304e+01 2.061552812808830382e+01 2.195449840010014952e+01 1.702938636592640265e+01 1.526433752247374720e+01 1.140175425099137918e+01 1.019803902718556898e+01 0.000000000000000000e+00 1.702938636592640265e+01 2.662705391138869615e+01 1.726267650163206824e+01
1.910497317454279909e+01 2.109502310972898798e+01 3.214031735997639316e+01 1.664331697709323876e+01 1.526433752247374720e+01 1.702938636592640265e+01 2.121320343559642652e+01 8.602325267042626677e+00 2.701851217221259205e+01 3.220248437620923454e+01 1.581138830084189628e+01 2.334523505985750447e+01 9.219544457292887074e+00 1.897366596101027625e+01 2.000000000000000000e+00 9.848857801796103928e+00 2.720294101747088789e+01 7.071067811865475505e+00 1.702938636592640265e+01 0.000000000000000000e+00 1.486606874731850603e+01 4.000000000000000000e+00
1.800000000000000000e+01 9.899494936611665352e+00 1.969771560359220786e+01 1.964688270438849926e+01 2.340939982143925135e+01 1.603121954188139853e+01 1.004987562112088995e+01 1.500000000000000000e+01 1.431782106327635340e+01 1.749285568453590045e+01 4.123105625617660586e+00 1.140175425099137918e+01 2.319482700948640286e+01 1.170469991071962568e+01 1.676305461424021104e+01 2.469817807045693669e+01 3.801315561749642313e+01 1.769180601295413169e+01 2.662705391138869615e+01 1.486606874731850603e+01 0.000000000000000000e+00 1.868154169226940553e+01
2.220360331117451835e+01 2.507987240796890660e+01 3.612478373637688378e+01 1.910497317454279909e+01 1.360147050873544394e+01 2.024845673131658685e+01 2.420743687382040932e+01 1.140175425099137918e+01 3.101612483854164637e+01 3.584689665786984136e+01 1.923538406167134340e+01 2.640075756488817049e+01 5.385164807134503739e+00 2.280350850198275836e+01 2.000000000000000000e+00 6.403124237432848531e+00 2.630589287593181069e+01 8.602325267042626677e+00 1.726267650163206824e+01 4.000000000000000000e+00 1.868154169226940553e+01 0.000000000000000000e+00
