0.000000000000000000e+00 3.667424164178449786e+01 2.408318915758459156e+01 1.800000000000000000e+01 1.802775637731994607e+01 1.431782106327635340e+01 1.923538406167134340e+01 3.195309061734091571e+01 1.104536101718726115e+01 1.702938636592640265e+01 3.517101079013794873e+01 3.423448553724738019e+01 1.886796226411320632e+01 3.306055050963308162e+01 1.334166406412633421e+01 3.894868418830089496e+01 2.051828452868319275e+01 2.302172886644267535e+01 4.000000000000000000e+01 1.204159457879229578e+01 3.452535300326413648e+01
3.667424164178449786e+01 0.000000000000000000e+00 3.201562118716424266e+01 2.193171219946130890e+01 1.886796226411320632e+01 2.716615541441224835e+01 1.910497317454279909e+01 5.830951894845300743e+00 2.780287754891568852e+01 2.334523505985750447e+01 7.071067811865475505e+00 1.204159457879229578e+01 1.802775637731994607e+01 1.800000000000000000e+01 2.758622844826744469e+01 3.162277660168379523e+00 1.902629759044044633e+01 1.431782106327635340e+01 8.062257748298549132e+00 3.224903099319419653e+01 1.004987562112088995e+01
2.408318915758459156e+01 3.201562118716424266e+01 0.000000000000000000e+00 2.884441020371191300e+01 2.343074902771996193e+01 1.170469991071962568e+01 2.701851217221259205e+01 3.087069808086626210e+01 2.657066051117284644e+01 2.915475947422650194e+01 3.534119409414458346e+01 3.773592452822641263e+01 1.979898987322333070e+01 4.045985664828781836e+01 2.915475947422650194e+01 3.238826948140329165e+01 1.500000000000000000e+01 2.024845673131658685e+01 3.000000000000000000e+01 1.204159457879229578e+01 3.671511950137163893e+01
1.800000000000000000e+01 2.193171219946130890e+01 2.884441020371191300e+01 0.000000000000000000e+00 6.082762530298219339e+00 1.769180601295413169e+01 3.162277660168379523e+00 1.627882059609970611e+01 7.071067811865475505e+00 1.414213562373095145e+00 1.835755975068581947e+01 1.649242250247064234e+01 1.019803902718556898e+01 1.513274595042155646e+01 5.830951894845300743e+00 2.483948469674844262e+01 1.552417469626002422e+01 1.303840481040529831e+01 2.778488797889960793e+01 2.080865204668481283e+01 1.708800749063506075e+01
1.802775637731994607e+01 1.886796226411320632e+01 2.343074902771996193e+01 6.082762530298219339e+00 0.000000000000000000e+00 1.303840481040529831e+01 3.605551275463989125e+00 1.392838827718411920e+01 9.219544457292887074e+00 7.000000000000000000e+00 1.726267650163206824e+01 1.711724276862369010e+01 4.123105625617660586e+00 1.788854381999831844e+01 9.848857801796103928e+00 2.140093455903269515e+01 9.486832980505138124e+00 7.280109889280518054e+00 2.343074902771996193e+01 1.708800749063506075e+01 1.700000000000000000e+01
1.431782106327635340e+01 2.716615541441224835e+01 1.170469991071962568e+01 1.769180601295413169e+01 1.303840481040529831e+01 0.000000000000000000e+00 1.640121946685672683e+01 2.408318915758459156e+01 1.486606874731850603e+01 1.780449381476485726e+01 2.828427124746190202e+01 2.941088233970548416e+01 1.044030650891055068e+01 3.088689042296100240e+01 1.746424919657297892e+01 2.863564212655270680e+01 8.246211251235321171e+00 1.300000000000000000e+01 2.823118842698620767e+01 5.099019513592784492e+00 2.886173937932362321e+01
1.923538406167134340e+01 1.910497317454279909e+01 2.701851217221259205e+01 3.162277660168379523e+00 3.605551275463989125e+00 1.640121946685672683e+01 0.000000000000000000e+00 1.360147050873544394e+01 8.944271909999159220e+00 4.472135954999579610e+00 1.615549442140351033e+01 1.503329637837290811e+01 7.615773105863908654e+00 1.486606874731850603e+01 8.485281374238569541e+00 2.193171219946130890e+01 1.300000000000000000e+01 1.000000000000000000e+01 2.469817807045693669e+01 2.012461179749810825e+01 1.529705854077835525e+01
3.195309061734091571e+01 5.830951894845300743e+00 3.087069808086626210e+01 1.627882059609970611e+01 1.392838827718411920e+01 2.408318915758459156e+01 1.360147050873544394e+01 0.000000000000000000e+00 2.247220505424423109e+01 1.769180601295413169e+01 4.472135954999579610e+00 8.062257748298549132e+00 1.403566884761819900e+01 1.334166406412633421e+01 2.202271554554523902e+01 8.944271909999159220e+00 1.649242250247064234e+01 1.118033988749894903e+01 1.315294643796590535e+01 2.901723625709381693e+01 6.403124237432848531e+00
1.104536101718726115e+01 2.780287754891568852e+01 2.657066051117284644e+01 7.071067811865475505e+00 9.219544457292887074e+00 1.486606874731850603e+01 8.944271909999159220e+00 2.247220505424423109e+01 0.000000000000000000e+00 6.000000000000000000e+00 2.507987240796890660e+01 2.353720459187963954e+01 1.208304597359457233e+01 2.202271554554523902e+01 2.828427124746190291e+00 3.047950130825634218e+01 1.627882059609970611e+01 1.612451549659709826e+01 3.264965543462901820e+01 1.640121946685672683e+01 2.404163056034261459e+01
1.702938636592640265e+01 2.334523505985750447e+01 2.915475947422650194e+01 1.414213562373095145e+00 7.000000000000000000e+00 1.780449381476485726e+01 4.472135954999579610e+00 1.769180601295413169e+01 6.000000000000000000e+00 0.000000000000000000e+00 1.972308292331602075e+01 1.772004514666934938e+01 1.104536101718726115e+01 1.603121954188139853e+01 4.472135954999579610e+00 2.624880949681337583e+01 1.627882059609970611e+01 1.414213562373095101e+01 2.915475947422650194e+01 2.061552812808830382e+01 1.838477631085023489e+01
3.517101079013794873e+01 7.071067811865475505e+00 3.534119409414458346e+01 1.835755975068581947e+01 1.726267650163206824e+01 2.828427124746190202e+01 1.615549442140351033e+01 4.472135954999579610e+00 2.507987240796890660e+01 1.972308292331602075e+01 0.000000000000000000e+00 5.000000000000000000e+00 1.802775637731994607e+01 1.104536101718726115e+01 2.418677324489564739e+01 1.000000000000000000e+01 2.088061301782110135e+01 1.552417469626002422e+01 1.513274595042155646e+01 3.313608305156178346e+01 3.000000000000000000e+00
3.423448553724738019e+01 1.204159457879229578e+01 3.773592452822641263e+01 1.649242250247064234e+01 1.711724276862369010e+01 2.941088233970548416e+01 1.503329637837290811e+01 8.062257748298549132e+00 2.353720459187963954e+01 1.772004514666934938e+01 5.000000000000000000e+00 0.000000000000000000e+00 1.897366596101027625e+01 6.082762530298219339e+00 2.213594362117865444e+01 1.500000000000000000e+01 2.282542442102665348e+01 1.749285568453590045e+01 2.009975124224177989e+01 3.395585369269929288e+01 2.000000000000000000e+00
1.886796226411320632e+01 1.802775637731994607e+01 1.979898987322333070e+01 1.019803902718556898e+01 4.123105625617660586e+00 1.044030650891055068e+01 7.615773105863908654e+00 1.403566884761819900e+01 1.208304597359457233e+01 1.104536101718726115e+01 1.802775637731994607e+01 1.897366596101027625e+01 0.000000000000000000e+00 2.080865204668481283e+01 1.334166406412633421e+01 2.012461179749810825e+01 5.385164807134503739e+00 4.242640687119284770e+00 2.126029162546929996e+01 1.513274595042155646e+01 1.843908891458577415e+01
3.306055050963308162e+01 1.800000000000000000e+01 4.045985664828781836e+01 1.513274595042155646e+01 1.788854381999831844e+01 3.088689042296100240e+01 1.486606874731850603e+01 1.334166406412633421e+01 2.202271554554523902e+01 1.603121954188139853e+01 1.104536101718726115e+01 6.082762530298219339e+00 2.080865204668481283e+01 0.000000000000000000e+00 2.002498439450078749e+01 2.102379604162863913e+01 2.549509756796392423e+01 2.051828452868319275e+01 2.601922366251537611e+01 3.492849839314595783e+01 8.062257748298549132e+00
1.334166406412633421e+01 2.758622844826744469e+01 2.915475947422650194e+01 5.830951894845300743e+00 9.848857801796103928e+00 1.746424919657297892e+01 8.485281374238569541e+00 2.202271554554523902e+01 2.828427124746190291e+00 4.472135954999579610e+00 2.418677324489564739e+01 2.213594362117865444e+01 1.334166406412633421e+01 2.002498439450078749e+01 0.000000000000000000e+00 3.041381265149109936e+01 1.802775637731994607e+01 1.708800749063506075e+01 3.301514803843835466e+01 1.920937271229854559e+01 2.284731931759172596e+01
3.894868418830089496e+01 3.162277660168379523e+00 3.238826948140329165e+01 2.483948469674844262e+01 2.140093455903269515e+01 2.863564212655270680e+01 2.193171219946130890e+01 8.944271909999159220e+00 3.047950130825634218e+01 2.624880949681337583e+01 1.000000000000000000e+01 1.500000000000000000e+01 2.012461179749810825e+01 2.102379604162863913e+01 3.041381265149109936e+01 0.000000000000000000e+00 2.039607805437113797e+01 1.615549442140351033e+01 5.385164807134503739e+00 3.373425558686599857e+01 1.300000000000000000e+01
2.051828452868319275e+01 1.902629759044044633e+01 1.500000000000000000e+01 1.552417469626002422e+01 9.486832980505138124e+00 8.246211251235321171e+00 1.300000000000000000e+01 1.649242250247064234e+01 1.627882059609970611e+01 1.627882059609970611e+01 2.088061301782110135e+01 2.282542442102665348e+01 5.385164807134503739e+00 2.549509756796392423e+01 1.802775637731994607e+01 2.039607805437113797e+01 0.000000000000000000e+00 5.385164807134503739e+00 2.012461179749810825e+01 1.334166406412633421e+01 2.193171219946130890e+01
2.302172886644267535e+01 1.431782106327635340e+01 2.024845673131658685e+01 1.303840481040529831e+01 7.280109889280518054e+00 1.300000000000000000e+01 1.000000000000000000e+01 1.118033988749894903e+01 1.612451549659709826e+01 1.414213562373095101e+01 1.552417469626002422e+01 1.749285568453590045e+01 4.242640687119284770e+00 2.051828452868319275e+01 1.708800749063506075e+01 1.615549442140351033e+01 5.385164807134503739e+00 0.000000000000000000e+00 1.702938636592640265e+01 1.802775637731994607e+01 1.655294535724684835e+01
4.000000000000000000e+01 8.062257748298549132e+00 3.000000000000000000e+01 2.778488797889960793e+01 2.343074902771996193e+01 2.823118842698620767e+01 2.469817807045693669e+01 1.315294643796590535e+01 3.264965543462901820e+01 2.915475947422650194e+01 1.513274595042155646e+01 2.009975124224177989e+01 2.126029162546929996e+01 2.601922366251537611e+01 3.301514803843835466e+01 5.385164807134503739e+00 2.012461179749810825e+01 1.702938636592640265e+01 0.000000000000000000e+00 3.324154027718932269e+01 1.811077027627483460e+01
1.204159457879229578e+01 3.224903099319419653e+01 1.204159457879229578e+01 2.080865204668481283e+01 1.708800749063506075e+01 5.099019513592784492e+00 2.012461179749810825e+01 2.901723625709381693e+01 1.640121946685672683e+01 2.061552812808830382e+01 3.313608305156178346e+01 3.395585369269929288e+01 1.513274595042155646e+01 3.492849839314595783e+01 1.920937271229854559e+01 3.373425558686599857e+01 1.334166406412633421e+01 1.802775637731994607e+01 3.324154027718932269e+01 0.000000000000000000e+00 3.354101966249684352e+01
3.452535300326413648e+01 1.004987562112088995e+01 3.671511950137163893e+01 1.708800749063506075e+01 1.700000000000000000e+01 2.886173937932362321e+01 1.529705854077835525e+01 6.403124237432848531e+00 2.404163056034261459e+01 1.838477631085023489e+01 3.000000000000000000e+00 2.000000000000000000e+00 1.843908891458577415e+01 8.062257748298549132e+00 2.284731931759172596e+01 1.300000000000000000e+01 2.193171219946130890e+01 1.655294535724684835e+01 1.811077027627483460e+01 3.354101966249684352e+01 0.000000000000000000e+00
