0.000000000000000000e+00 2.831960451701259274e+01 3.921734310225515685e+01 4.280186911806539030e+01 2.404163056034261459e+01 2.408318915758459156e+01 3.354101966249684352e+01 6.403124237432848531e+00 2.915475947422650194e+01 1.655294535724684835e+01 7.000000000000000000e+00 3.195309061734091571e+01 6.082762530298219339e+00 3.962322551231790158e+01 4.143669871020131978e+01 2.507987240796890660e+01 4.780167361086847677e+01 1.303840481040529831e+01 2.100000000000000000e+01 5.000000000000000000e+00
2.831960451701259274e+01 0.000000000000000000e+00 1.708800749063506075e+01 1.476482306023340030e+01 1.216552506059643868e+01 4.242640687119284770e+00 9.848857801796103928e+00 3.001666203960726875e+01 1.000000000000000000e+01 1.341640786499873883e+01 2.360084744241189370e+01 1.204159457879229578e+01 2.385372088375312671e+01 2.163330765278393741e+01 1.868154169226940553e+01 2.376972864800942631e+01 1.972308292331602075e+01 1.562049935181330795e+01 1.900000000000000000e+01 2.483948469674844262e+01
3.921734310225515685e+01 1.708800749063506075e+01 0.000000000000000000e+00 1.334166406412633421e+01 1.523154621172781731e+01 1.923538406167134340e+01 7.280109889280518054e+00 4.295346318982905842e+01 1.019803902718556898e+01 2.280350850198275836e+01 3.269556544854363267e+01 7.280109889280518054e+00 3.667424164178449786e+01 6.324555320336759046e+00 2.236067977499789805e+00 4.080441152620633005e+01 1.603121954188139853e+01 2.668332812825266842e+01 2.061552812808830382e+01 3.453983207834108526e+01
4.280186911806539030e+01 1.476482306023340030e+01 1.334166406412633421e+01 0.000000000000000000e+00 2.195449840010014952e+01 1.886796226411320632e+01 1.170469991071962568e+01 4.477722635447621968e+01 1.655294535724684835e+01 2.687005768508880621e+01 3.748332962798262713e+01 1.552417469626002422e+01 3.858756276314947797e+01 1.964688270438849926e+01 1.300000000000000000e+01 3.601388621073821383e+01 5.000000000000000000e+00 2.983286778035259701e+01 2.906888370749726747e+01 3.894868418830089496e+01
2.404163056034261459e+01 1.216552506059643868e+01 1.523154621172781731e+01 2.195449840010014952e+01 0.000000000000000000e+00 1.029563014098700080e+01 1.063014581273464998e+01 2.816025568065744622e+01 5.656854249492380582e+00 8.000000000000000000e+00 1.746424919657297892e+01 8.062257748298549132e+00 2.202271554554523902e+01 1.600000000000000000e+01 1.746424919657297892e+01 3.080584360149872580e+01 2.662705391138869615e+01 1.200000000000000000e+01 7.280109889280518054e+00 1.931320791582796659e+01
2.408318915758459156e+01 4.242640687119284770e+00 1.923538406167134340e+01 1.886796226411320632e+01 1.029563014098700080e+01 0.000000000000000000e+00 1.204159457879229578e+01 2.594224354214569317e+01 1.029563014098700080e+01 9.486832980505138124e+00 1.941648783894759944e+01 1.300000000000000000e+01 1.972308292331602075e+01 2.284731931759172596e+01 2.109502310972898798e+01 2.193171219946130890e+01 2.385372088375312671e+01 1.140175425099137918e+01 1.627882059609970611e+01 2.061552812808830382e+01
3.354101966249684352e+01 9.848857801796103928e+00 7.280109889280518054e+00 1.170469991071962568e+01 1.063014581273464998e+01 1.204159457879229578e+01 0.000000000000000000e+00 3.668787265568828104e+01 5.000000000000000000e+00 1.700000000000000000e+01 2.745906043549196340e+01 4.000000000000000000e+00 3.036445290137795183e+01 1.204159457879229578e+01 9.055385138137417300e+00 3.352610922848042208e+01 1.612451549659709826e+01 2.061552812808830382e+01 1.749285568453590045e+01 2.915475947422650194e+01
6.403124237432848531e+00 3.001666203960726875e+01 4.295346318982905842e+01 4.477722635447621968e+01 2.816025568065744622e+01 2.594224354214569317e+01 3.668787265568828104e+01 0.000000000000000000e+00 3.275667870831839679e+01 2.022374841615668473e+01 1.264911064067351809e+01 3.569313659514949677e+01 6.324555320336759046e+00 4.410215414239988974e+01 4.512205669071391156e+01 2.121320343559642652e+01 4.973932046178354938e+01 1.627882059609970611e+01 2.630589287593181069e+01 1.077032961426900748e+01
2.915475947422650194e+01 1.000000000000000000e+01 1.019803902718556898e+01 1.655294535724684835e+01 5.656854249492380582e+00 1.029563014098700080e+01 5.000000000000000000e+00 3.275667870831839679e+01 0.000000000000000000e+00 1.264911064067351809e+01 2.282542442102665348e+01 3.000000000000000000e+00 2.647640458974745314e+01 1.264911064067351809e+01 1.236931687685298087e+01 3.220248437620923454e+01 2.109502310972898798e+01 1.649242250247064234e+01 1.252996408614166768e+01 2.459674775249768786e+01
1.655294535724684835e+01 1.341640786499873883e+01 2.280350850198275836e+01 2.687005768508880621e+01 8.000000000000000000e+00 9.486832980505138124e+00 1.700000000000000000e+01 2.022374841615668473e+01 1.264911064067351809e+01 0.000000000000000000e+00 1.063014581273464998e+01 1.552417469626002422e+01 1.403566884761819900e+01 2.400000000000000000e+01 2.500000000000000000e+01 2.475883680627989492e+01 3.182766092567909766e+01 4.000000000000000000e+00 9.219544457292887074e+00 1.220655561573370207e+01
7.000000000000000000e+00 2.360084744241189370e+01 3.269556544854363267e+01 3.748332962798262713e+01 1.746424919657297892e+01 1.941648783894759944e+01 2.745906043549196340e+01 1.264911064067351809e+01 2.282542442102665348e+01 1.063014581273464998e+01 0.000000000000000000e+00 2.549509756796392423e+01 8.485281374238569541e+00 3.275667870831839679e+01 3.492849839314595783e+01 2.657066051117284644e+01 4.244997055358224713e+01 8.062257748298549132e+00 1.400000000000000000e+01 2.000000000000000000e+00
3.195309061734091571e+01 1.204159457879229578e+01 7.280109889280518054e+00 1.552417469626002422e+01 8.062257748298549132e+00 1.300000000000000000e+01 4.000000000000000000e+00 3.569313659514949677e+01 3.000000000000000000e+00 1.552417469626002422e+01 2.549509756796392423e+01 0.000000000000000000e+00 2.942787793912432193e+01 9.848857801796103928e+00 9.486832980505138124e+00 3.492849839314595783e+01 1.969771560359220786e+01 1.941648783894759944e+01 1.421267040355189515e+01 2.731300056749532601e+01
6.082762530298219339e+00 2.385372088375312671e+01 3.667424164178449786e+01 3.858756276314947797e+01 2.202271554554523902e+01 1.972308292331602075e+01 3.036445290137795183e+01 6.324555320336759046e+00 2.647640458974745314e+01 1.403566884761819900e+01 8.485281374238569541e+00 2.942787793912432193e+01 0.000000000000000000e+00 3.801315561749642313e+01 3.883297567789519888e+01 1.923538406167134340e+01 4.356604182158393002e+01 1.004987562112088995e+01 2.088061301782110135e+01 7.211102550927978250e+00
3.962322551231790158e+01 2.163330765278393741e+01 6.324555320336759046e+00 1.964688270438849926e+01 1.600000000000000000e+01 2.284731931759172596e+01 1.204159457879229578e+01 4.410215414239988974e+01 1.264911064067351809e+01 2.400000000000000000e+01 3.275667870831839679e+01 9.848857801796103928e+00 3.801315561749642313e+01 0.000000000000000000e+00 7.000000000000000000e+00 4.477722635447621968e+01 2.202271554554523902e+01 2.800000000000000000e+01 1.931320791582796659e+01 3.471310991541956525e+01
4.143669871020131978e+01 1.868154169226940553e+01 2.236067977499789805e+00 1.300000000000000000e+01 1.746424919657297892e+01 2.109502310972898798e+01 9.055385138137417300e+00 4.512205669071391156e+01 1.236931687685298087e+01 2.500000000000000000e+01 3.492849839314595783e+01 9.486832980505138124e+00 3.883297567789519888e+01 7.000000000000000000e+00 0.000000000000000000e+00 4.244997055358224713e+01 1.503329637837290811e+01 2.886173937932362321e+01 2.280350850198275836e+01 3.676955262170046979e+01
2.507987240796890660e+01 2.376972864800942631e+01 4.080441152620633005e+01 3.601388621073821383e+01 3.080584360149872580e+01 2.193171219946130890e+01 3.352610922848042208e+01 2.121320343559642652e+01 3.220248437620923454e+01 2.475883680627989492e+01 2.657066051117284644e+01 3.492849839314595783e+01 1.923538406167134340e+01 4.477722635447621968e+01 4.244997055358224713e+01 0.000000000000000000e+00 4.019950248448355978e+01 2.220360331117451835e+01 3.397057550292606010e+01 2.596150997149434048e+01
4.780167361086847677e+01 1.972308292331602075e+01 1.603121954188139853e+01 5.000000000000000000e+00 2.662705391138869615e+01 2.385372088375312671e+01 1.612451549659709826e+01 4.973932046178354938e+01 2.109502310972898798e+01 3.182766092567909766e+01 4.244997055358224713e+01 1.969771560359220786e+01 4.356604182158393002e+01 2.202271554554523902e+01 1.503329637837290811e+01 4.019950248448355978e+01 0.000000000000000000e+00 3.482814953453599571e+01 3.361547262794321966e+01 4.393176527297759293e+01
1.303840481040529831e+01 1.562049935181330795e+01 2.668332812825266842e+01 2.983286778035259701e+01 1.200000000000000000e+01 1.140175425099137918e+01 2.061552812808830382e+01 1.627882059609970611e+01 1.649242250247064234e+01 4.000000000000000000e+00 8.062257748298549132e+00 1.941648783894759944e+01 1.004987562112088995e+01 2.800000000000000000e+01 2.886173937932362321e+01 2.220360331117451835e+01 3.482814953453599571e+01 0.000000000000000000e+00 1.220655561573370207e+01 9.219544457292887074e+00
2.100000000000000000e+01 1.900000000000000000e+01 2.061552812808830382e+01 2.906888370749726747e+01 7.280109889280518054e+00 1.627882059609970611e+01 1.749285568453590045e+01 2.630589287593181069e+01 1.252996408614166768e+01 9.219544457292887074e+00 1.400000000000000000e+01 1.421267040355189515e+01 2.088061301782110135e+01 1.931320791582796659e+01 2.280350850198275836e+01 3.397057550292606010e+01 3.361547262794321966e+01 1.220655561573370207e+01 0.000000000000000000e+00 1.600000000000000000e+01
5.000000000000000000e+00 2.483948469674844262e+01 3.453983207834108526e+01 3.894868418830089496e+01 1.931320791582796659e+01 2.061552812808830382e+01 2.915475947422650194e+01 1.077032961426900748e+01 2.459674775249768786e+01 1.220655561573370207e+01 2.000000000000000000e+00 2.731300056749532601e+01 7.211102550927978250e+00 3.471310991541956525e+01 3.676955262170046979e+01 2.596150997149434048e+01 4.393176527297759293e+01 9.219544457292887074e+00 1.600000000000000000e+01 0.000000000000000000e+00
