0.000000000000000000e+00 1.341640786499873883e+01 3.712142238654116966e+01 2.202271554554523902e+01 3.041381265149109936e+01 1.500000000000000000e+01 3.687817782917154830e+01 3.101612483854164637e+01 2.529822128134703618e+01 3.720215047547655018e+01 2.941088233970548416e+01 3.023243291566194912e+01 3.124099870362661591e+01 3.195309061734091571e+01 3.534119409414458346e+01 3.206243908376279705e+01 2.308679276123039159e+01 3.417601498127012150e+01 2.022374841615668473e+01 2.823118842698620767e+01 3.337663853655727308e+01 4.675467891024383960e+01 1.923538406167134340e+01 2.500000000000000000e+01
1.341640786499873883e+01 0.000000000000000000e+00 3.931920650267500150e+01 3.008321791298264714e+01 3.667424164178449786e+01 1.500000000000000000e+01 3.605551275463989214e+01 2.404163056034261459e+01 3.026549190084311292e+01 3.736308338453881106e+01 3.413209633175202384e+01 3.140063693621516450e+01 3.104834939252004844e+01 3.601388621073821383e+01 3.811823710509183627e+01 4.049691346263317371e+01 3.067572330035593353e+01 3.800000000000000000e+01 2.751363298439520833e+01 3.201562118716424266e+01 3.962322551231790158e+01 4.518849411078001310e+01 1.140175425099137918e+01 1.769180601295413169e+01
3.712142238654116966e+01 3.931920650267500150e+01 0.000000000000000000e+00 1.941648783894759944e+01 1.236931687685298087e+01 2.451530134426252516e+01 8.602325267042626677e+00 2.505992817228333536e+01 1.272792206135785520e+01 5.830951894845300743e+00 9.433981132056603158e+00 8.000000000000000000e+00 9.486832980505138124e+00 6.708203932499369415e+00 2.236067977499789805e+00 1.902629759044044633e+01 1.802775637731994607e+01 5.099019513592784492e+00 1.910497317454279909e+01 9.219544457292887074e+00 1.200000000000000000e+01 1.414213562373095101e+01 3.006659275674581622e+01 2.692582403567251959e+01
2.202271554554523902e+01 3.008321791298264714e+01 1.941648783894759944e+01 0.000000000000000000e+00 8.944271909999159220e+00 1.702938636592640265e+01 2.376972864800942631e+01 3.008321791298264714e+01 7.280109889280518054e+00 2.247220505424423109e+01 1.000000000000000000e+01 1.627882059609970611e+01 1.910497317454279909e+01 1.280624847486569706e+01 1.720465053408525335e+01 1.044030650891055068e+01 1.414213562373095145e+00 1.486606874731850603e+01 2.828427124746190291e+00 1.077032961426900748e+01 1.170469991071962568e+01 3.269556544854363267e+01 2.617250465660480074e+01 2.745906043549196340e+01
3.041381265149109936e+01 3.667424164178449786e+01 1.236931687685298087e+01 8.944271909999159220e+00 0.000000000000000000e+00 2.213594362117865444e+01 1.910497317454279909e+01 3.061045573002793319e+01 6.708203932499369415e+00 1.700000000000000000e+01 4.472135954999579610e+00 1.300000000000000000e+01 1.615549442140351033e+01 6.000000000000000000e+00 1.019803902718556898e+01 7.280109889280518054e+00 7.615773105863908654e+00 7.280109889280518054e+00 1.019803902718556898e+01 7.211102550927978250e+00 3.000000000000000000e+00 2.647640458974745314e+01 3.041381265149109936e+01 2.983286778035259701e+01
1.500000000000000000e+01 1.500000000000000000e+01 2.451530134426252516e+01 1.702938636592640265e+01 2.213594362117865444e+01 0.000000000000000000e+00 2.247220505424423109e+01 1.711724276862369010e+01 1.552417469626002422e+01 2.325940669922601600e+01 1.923538406167134340e+01 1.676305461424021104e+01 1.700000000000000000e+01 2.102379604162863913e+01 2.319482700948640286e+01 2.692582403567251959e+01 1.720465053408525335e+01 2.300000000000000000e+01 1.421267040355189515e+01 1.702938636592640265e+01 2.500000000000000000e+01 3.220248437620923454e+01 9.219544457292887074e+00 1.216552506059643868e+01
3.687817782917154830e+01 3.605551275463989214e+01 8.602325267042626677e+00 2.376972864800942631e+01 1.910497317454279909e+01 2.247220505424423109e+01 0.000000000000000000e+00 1.772004514666934938e+01 1.649242250247064234e+01 2.828427124746190291e+00 1.500000000000000000e+01 7.615773105863908654e+00 5.656854249492380582e+00 1.315294643796590535e+01 9.848857801796103928e+00 2.630589287593181069e+01 2.256102834535695578e+01 1.264911064067351809e+01 2.247220505424423109e+01 1.315294643796590535e+01 1.964688270438849926e+01 9.899494936611665352e+00 2.549509756796392423e+01 2.100000000000000000e+01
3.101612483854164637e+01 2.404163056034261459e+01 2.505992817228333536e+01 3.008321791298264714e+01 3.061045573002793319e+01 1.711724276862369010e+01 1.772004514666934938e+01 0.000000000000000000e+00 2.469817807045693669e+01 2.024845673131658685e+01 2.624880949681337583e+01 1.843908891458577415e+01 1.581138830084189628e+01 2.617250465660480074e+01 2.523885892824792521e+01 3.744329045369811126e+01 2.954657340538831534e+01 2.701851217221259205e+01 2.751363298439520833e+01 2.343074902771996193e+01 3.255764119219941222e+01 2.408318915758459156e+01 1.280624847486569706e+01 6.403124237432848531e+00
2.529822128134703618e+01 3.026549190084311292e+01 1.272792206135785520e+01 7.280109889280518054e+00 6.708203932499369415e+00 1.552417469626002422e+01 1.649242250247064234e+01 2.469817807045693669e+01 0.000000000000000000e+00 1.523154621172781731e+01 4.123105625617660586e+00 9.055385138137417300e+00 1.200000000000000000e+01 6.708203932499369415e+00 1.063014581273464998e+01 1.280624847486569706e+01 6.082762530298219339e+00 8.944271909999159220e+00 6.403124237432848531e+00 3.605551275463989125e+00 9.486832980505138124e+00 2.549509756796392423e+01 2.370653918225939449e+01 2.334523505985750447e+01
3.720215047547655018e+01 3.736308338453881106e+01 5.830951894845300743e+00 2.247220505424423109e+01 1.700000000000000000e+01 2.325940669922601600e+01 2.828427124746190291e+00 2.024845673131658685e+01 1.523154621172781731e+01 0.000000000000000000e+00 1.315294643796590535e+01 7.071067811865475505e+00 6.324555320336759046e+00 1.100000000000000000e+01 7.280109889280518054e+00 2.408318915758459156e+01 2.118962010041709121e+01 1.019803902718556898e+01 2.147091055358388800e+01 1.170469991071962568e+01 1.726267650163206824e+01 1.029563014098700080e+01 2.716615541441224835e+01 2.308679276123039159e+01
2.941088233970548416e+01 3.413209633175202384e+01 9.433981132056603158e+00 1.000000000000000000e+01 4.472135954999579610e+00 1.923538406167134340e+01 1.500000000000000000e+01 2.624880949681337583e+01 4.123105625617660586e+00 1.315294643796590535e+01 0.000000000000000000e+00 8.544003745317530374e+00 1.170469991071962568e+01 2.828427124746190291e+00 7.211102550927978250e+00 1.170469991071962568e+01 8.602325267042626677e+00 5.000000000000000000e+00 1.000000000000000000e+01 2.828427124746190291e+00 6.403124237432848531e+00 2.308679276123039159e+01 2.692582403567251959e+01 2.580697580112788003e+01
3.023243291566194912e+01 3.140063693621516450e+01 8.000000000000000000e+00 1.627882059609970611e+01 1.300000000000000000e+01 1.676305461424021104e+01 7.615773105863908654e+00 1.843908891458577415e+01 9.055385138137417300e+00 7.071067811865475505e+00 8.544003745317530374e+00 0.000000000000000000e+00 3.162277660168379523e+00 7.810249675906653977e+00 7.280109889280518054e+00 2.024845673131658685e+01 1.513274595042155646e+01 8.602325267042626677e+00 1.486606874731850603e+01 6.082762530298219339e+00 1.442220510185595650e+01 1.720465053408525335e+01 2.209072203437452231e+01 1.931320791582796659e+01
3.124099870362661591e+01 3.104834939252004844e+01 9.486832980505138124e+00 1.910497317454279909e+01 1.615549442140351033e+01 1.700000000000000000e+01 5.656854249492380582e+00 1.581138830084189628e+01 1.200000000000000000e+01 6.324555320336759046e+00 1.170469991071962568e+01 3.162277660168379523e+00 0.000000000000000000e+00 1.081665382639196871e+01 9.433981132056603158e+00 2.340939982143925135e+01 1.802775637731994607e+01 1.131370849898476116e+01 1.746424919657297892e+01 9.219544457292887074e+00 1.749285568453590045e+01 1.555634918610404505e+01 2.102379604162863913e+01 1.746424919657297892e+01
3.195309061734091571e+01 3.601388621073821383e+01 6.708203932499369415e+00 1.280624847486569706e+01 6.000000000000000000e+00 2.102379604162863913e+01 1.315294643796590535e+01 2.617250465660480074e+01 6.708203932499369415e+00 1.100000000000000000e+01 2.828427124746190291e+00 7.810249675906653977e+00 1.081665382639196871e+01 0.000000000000000000e+00 4.472135954999579610e+00 1.315294643796590535e+01 1.140175425099137918e+01 2.236067977499789805e+00 1.280624847486569706e+01 4.000000000000000000e+00 6.708203932499369415e+00 2.061552812808830382e+01 2.816025568065744622e+01 2.641968962724581260e+01
3.534119409414458346e+01 3.811823710509183627e+01 2.236067977499789805e+00 1.720465053408525335e+01 1.019803902718556898e+01 2.319482700948640286e+01 9.848857801796103928e+00 2.523885892824792521e+01 1.063014581273464998e+01 7.280109889280518054e+00 7.211102550927978250e+00 7.280109889280518054e+00 9.433981132056603158e+00 4.472135954999579610e+00 0.000000000000000000e+00 1.700000000000000000e+01 1.581138830084189628e+01 3.000000000000000000e+00 1.697056274847713908e+01 7.211102550927978250e+00 1.004987562112088995e+01 1.627882059609970611e+01 2.927456233660889495e+01 2.657066051117284644e+01
3.206243908376279705e+01 4.049691346263317371e+01 1.902629759044044633e+01 1.044030650891055068e+01 7.280109889280518054e+00 2.692582403567251959e+01 2.630589287593181069e+01 3.744329045369811126e+01 1.280624847486569706e+01 2.408318915758459156e+01 1.170469991071962568e+01 2.024845673131658685e+01 2.340939982143925135e+01 1.315294643796590535e+01 1.700000000000000000e+01 0.000000000000000000e+00 9.848857801796103928e+00 1.400000000000000000e+01 1.300000000000000000e+01 1.431782106327635340e+01 7.071067811865475505e+00 3.313608305156178346e+01 3.580502757993631491e+01 3.606937759374286401e+01
2.308679276123039159e+01 3.067572330035593353e+01 1.802775637731994607e+01 1.414213562373095145e+00 7.615773105863908654e+00 1.720465053408525335e+01 2.256102834535695578e+01 2.954657340538831534e+01 6.082762530298219339e+00 2.118962010041709121e+01 8.602325267042626677e+00 1.513274595042155646e+01 1.802775637731994607e+01 1.140175425099137918e+01 1.581138830084189628e+01 9.848857801796103928e+00 0.000000000000000000e+00 1.345362404707370985e+01 3.162277660168379523e+00 9.486832980505138124e+00 1.044030650891055068e+01 3.138470965295043058e+01 2.624880949681337583e+01 2.720294101747088789e+01
3.417601498127012150e+01 3.800000000000000000e+01 5.099019513592784492e+00 1.486606874731850603e+01 7.280109889280518054e+00 2.300000000000000000e+01 1.264911064067351809e+01 2.701851217221259205e+01 8.944271909999159220e+00 1.019803902718556898e+01 5.000000000000000000e+00 8.602325267042626677e+00 1.131370849898476116e+01 2.236067977499789805e+00 3.000000000000000000e+00 1.400000000000000000e+01 1.345362404707370985e+01 0.000000000000000000e+00 1.500000000000000000e+01 6.082762530298219339e+00 7.071067811865475505e+00 1.923538406167134340e+01 2.983286778035259701e+01 2.773084924772409465e+01
2.022374841615668473e+01 2.751363298439520833e+01 1.910497317454279909e+01 2.828427124746190291e+00 1.019803902718556898e+01 1.421267040355189515e+01 2.247220505424423109e+01 2.751363298439520833e+01 6.403124237432848531e+00 2.147091055358388800e+01 1.000000000000000000e+01 1.486606874731850603e+01 1.746424919657297892e+01 1.280624847486569706e+01 1.697056274847713908e+01 1.300000000000000000e+01 3.162277660168379523e+00 1.500000000000000000e+01 0.000000000000000000e+00 1.000000000000000000e+01 1.315294643796590535e+01 3.176476034853718033e+01 2.334523505985750447e+01 2.469817807045693669e+01
2.823118842698620767e+01 3.201562118716424266e+01 9.219544457292887074e+00 1.077032961426900748e+01 7.211102550927978250e+00 1.702938636592640265e+01 1.315294643796590535e+01 2.343074902771996193e+01 3.605551275463989125e+00 1.170469991071962568e+01 2.828427124746190291e+00 6.082762530298219339e+00 9.219544457292887074e+00 4.000000000000000000e+00 7.211102550927978250e+00 1.431782106327635340e+01 9.486832980505138124e+00 6.082762530298219339e+00 1.000000000000000000e+01 0.000000000000000000e+00 9.219544457292887074e+00 2.193171219946130890e+01 2.435159132377184221e+01 2.302172886644267535e+01
3.337663853655727308e+01 3.962322551231790158e+01 1.200000000000000000e+01 1.170469991071962568e+01 3.000000000000000000e+00 2.500000000000000000e+01 1.964688270438849926e+01 3.255764119219941222e+01 9.486832980505138124e+00 1.726267650163206824e+01 6.403124237432848531e+00 1.442220510185595650e+01 1.749285568453590045e+01 6.708203932499369415e+00 1.004987562112088995e+01 7.071067811865475505e+00 1.044030650891055068e+01 7.071067811865475505e+00 1.315294643796590535e+01 9.219544457292887074e+00 0.000000000000000000e+00 2.607680962081059661e+01 3.310589071449369669e+01 3.220248437620923454e+01
4.675467891024383960e+01 4.518849411078001310e+01 1.414213562373095101e+01 3.269556544854363267e+01 2.647640458974745314e+01 3.220248437620923454e+01 9.899494936611665352e+00 2.408318915758459156e+01 2.549509756796392423e+01 1.029563014098700080e+01 2.308679276123039159e+01 1.720465053408525335e+01 1.555634918610404505e+01 2.061552812808830382e+01 1.627882059609970611e+01 3.313608305156178346e+01 3.138470965295043058e+01 1.923538406167134340e+01 3.176476034853718033e+01 2.193171219946130890e+01 2.607680962081059661e+01 0.000000000000000000e+00 3.417601498127012150e+01 2.886173937932362321e+01
1.923538406167134340e+01 1.140175425099137918e+01 3.006659275674581622e+01 2.617250465660480074e+01 3.041381265149109936e+01 9.219544457292887074e+00 2.549509756796392423e+01 1.280624847486569706e+01 2.370653918225939449e+01 2.716615541441224835e+01 2.692582403567251959e+01 2.209072203437452231e+01 2.102379604162863913e+01 2.816025568065744622e+01 2.927456233660889495e+01 3.580502757993631491e+01 2.624880949681337583e+01 2.983286778035259701e+01 2.334523505985750447e+01 2.435159132377184221e+01 3.310589071449369669e+01 3.417601498127012150e+01 0.000000000000000000e+00 6.403124237432848531e+00
2.500000000000000000e+01 1.769180601295413169e+01 2.692582403567251959e+01 2.745906043549196340e+01 2.983286778035259701e+01 1.216552506059643868e+01 2.100000000000000000e+01 6.403124237432848531e+00 2.334523505985750447e+01 2.308679276123039159e+01 2.580697580112788003e+01 1.931320791582796659e+01 1.746424919657297892e+01 2.641968962724581260e+01 2.657066051117284644e+01 3.606937759374286401e+01 2.720294101747088789e+01 2.773084924772409465e+01 2.469817807045693669e+01 2.302172886644267535e+01 3.220248437620923454e+01 2.886173937932362321e+01 6.403124237432848531e+00 0.000000000000000000e+00
