0.000000000000000000e+00 2.300000000000000000e+01 1.627882059609970611e+01 3.000000000000000000e+00 1.019803902718556898e+01 2.009975124224177989e+01 2.416609194718914466e+01 1.615549442140351033e+01 1.700000000000000000e+01 2.416609194718914466e+01 1.562049935181330795e+01 1.476482306023340030e+01 3.605551275463989125e+00 2.308679276123039159e+01 2.353720459187963954e+01 1.421267040355189515e+01 3.176476034853718033e+01 2.758622844826744469e+01 2.531797780234432693e+01 2.828427124746190291e+00
2.300000000000000000e+01 0.000000000000000000e+00 1.697056274847713908e+01 2.000000000000000000e+01 2.692582403567251959e+01 3.605551275463989125e+00 1.004987562112088995e+01 1.000000000000000000e+01 1.131370849898476116e+01 2.555386467836127551e+01 1.486606874731850603e+01 1.220655561573370207e+01 2.121320343559642652e+01 2.000000000000000000e+00 5.000000000000000000e+00 1.500000000000000000e+01 1.581138830084189628e+01 2.039607805437113797e+01 4.472135954999579610e+00 2.507987240796890660e+01
1.627882059609970611e+01 1.697056274847713908e+01 0.000000000000000000e+00 1.442220510185595650e+01 1.315294643796590535e+01 1.345362404707370985e+01 2.459674775249768786e+01 1.843908891458577415e+01 2.039607805437113797e+01 3.401470270338990076e+01 2.202271554554523902e+01 5.385164807134503739e+00 1.272792206135785520e+01 1.843908891458577415e+01 1.389244398944980396e+01 2.100000000000000000e+01 1.726267650163206824e+01 3.298484500494128469e+01 1.612451549659709826e+01 1.910497317454279909e+01
3.000000000000000000e+00 2.000000000000000000e+01 1.442220510185595650e+01 0.000000000000000000e+00 1.118033988749894903e+01 1.711724276862369010e+01 2.147091055358388800e+01 1.341640786499873883e+01 1.442220510185595650e+01 2.308679276123039159e+01 1.345362404707370985e+01 1.220655561573370207e+01 3.162277660168379523e+00 2.009975124224177989e+01 2.061552812808830382e+01 1.204159457879229578e+01 2.915475947422650194e+01 2.561249694973139412e+01 2.236067977499789805e+01 5.385164807134503739e+00
1.019803902718556898e+01 2.692582403567251959e+01 1.315294643796590535e+01 1.118033988749894903e+01 0.000000000000000000e+00 2.340939982143925135e+01 3.124099870362661591e+01 2.334523505985750447e+01 2.475883680627989492e+01 3.417601498127012150e+01 2.441311123146740414e+01 1.529705854077835525e+01 8.062257748298549132e+00 2.773084924772409465e+01 2.549509756796392423e+01 2.302172886644267535e+01 3.041381265149109936e+01 3.661966684720110976e+01 2.765863337187866122e+01 1.200000000000000000e+01
2.009975124224177989e+01 3.605551275463989125e+00 1.345362404707370985e+01 1.711724276862369010e+01 2.340939982143925135e+01 0.000000000000000000e+00 1.216552506059643868e+01 9.433981132056603158e+00 1.118033988749894903e+01 2.600000000000000000e+01 1.442220510185595650e+01 8.602325267042626677e+00 1.802775637731994607e+01 5.000000000000000000e+00 4.242640687119284770e+00 1.421267040355189515e+01 1.526433752247374720e+01 2.202271554554523902e+01 5.385164807134503739e+00 2.236067977499789805e+01
2.416609194718914466e+01 1.004987562112088995e+01 2.459674775249768786e+01 2.147091055358388800e+01 3.124099870362661591e+01 1.216552506059643868e+01 0.000000000000000000e+00 8.062257748298549132e+00 7.280109889280518054e+00 1.697056274847713908e+01 1.000000000000000000e+01 1.923538406167134340e+01 2.385372088375312671e+01 8.062257748298549132e+00 1.503329637837290811e+01 1.104536101718726115e+01 2.570992026436488231e+01 1.044030650891055068e+01 1.431782106327635340e+01 2.529822128134703618e+01
1.615549442140351033e+01 1.000000000000000000e+01 1.843908891458577415e+01 1.341640786499873883e+01 2.334523505985750447e+01 9.433981132056603158e+00 8.062257748298549132e+00 0.000000000000000000e+00 2.000000000000000000e+00 1.676305461424021104e+01 5.000000000000000000e+00 1.315294643796590535e+01 1.581138830084189628e+01 8.944271909999159220e+00 1.360147050873544394e+01 5.000000000000000000e+00 2.469817807045693669e+01 1.456021977856103611e+01 1.414213562373095101e+01 1.746424919657297892e+01
1.700000000000000000e+01 1.131370849898476116e+01 2.039607805437113797e+01 1.442220510185595650e+01 2.475883680627989492e+01 1.118033988749894903e+01 7.280109889280518054e+00 2.000000000000000000e+00 0.000000000000000000e+00 1.486606874731850603e+01 3.605551275463989125e+00 1.513274595042155646e+01 1.702938636592640265e+01 1.000000000000000000e+01 1.526433752247374720e+01 4.123105625617660586e+00 2.641968962724581260e+01 1.264911064067351809e+01 1.562049935181330795e+01 1.802775637731994607e+01
2.416609194718914466e+01 2.555386467836127551e+01 3.401470270338990076e+01 2.308679276123039159e+01 3.417601498127012150e+01 2.600000000000000000e+01 1.697056274847713908e+01 1.676305461424021104e+01 1.486606874731850603e+01 0.000000000000000000e+00 1.216552506059643868e+01 2.915475947422650194e+01 2.624880949681337583e+01 2.385372088375312671e+01 2.996664812754339380e+01 1.303840481040529831e+01 4.114608122288196768e+01 9.219544457292887074e+00 3.001666203960726875e+01 2.332380757938120297e+01
1.562049935181330795e+01 1.486606874731850603e+01 2.202271554554523902e+01 1.345362404707370985e+01 2.441311123146740414e+01 1.442220510185595650e+01 1.000000000000000000e+01 5.000000000000000000e+00 3.605551275463989125e+00 1.216552506059643868e+01 0.000000000000000000e+00 1.702938636592640265e+01 1.640121946685672683e+01 1.360147050873544394e+01 1.860107523773827509e+01 1.414213562373095145e+00 2.968164415931165934e+01 1.220655561573370207e+01 1.910497317454279909e+01 1.612451549659709826e+01
1.476482306023340030e+01 1.220655561573370207e+01 5.385164807134503739e+00 1.220655561573370207e+01 1.529705854077835525e+01 8.602325267042626677e+00 1.923538406167134340e+01 1.315294643796590535e+01 1.513274595042155646e+01 2.915475947422650194e+01 1.702938636592640265e+01 0.000000000000000000e+00 1.170469991071962568e+01 1.345362404707370985e+01 1.019803902718556898e+01 1.612451549659709826e+01 1.700000000000000000e+01 2.765863337187866122e+01 1.236931687685298087e+01 1.749285568453590045e+01
3.605551275463989125e+00 2.121320343559642652e+01 1.272792206135785520e+01 3.162277660168379523e+00 8.062257748298549132e+00 1.802775637731994607e+01 2.385372088375312671e+01 1.581138830084189628e+01 1.702938636592640265e+01 2.624880949681337583e+01 1.640121946685672683e+01 1.170469991071962568e+01 0.000000000000000000e+00 2.158703314492290204e+01 2.109502310972898798e+01 1.500000000000000000e+01 2.863564212655270680e+01 2.860069929215018192e+01 2.302172886644267535e+01 6.403124237432848531e+00
2.308679276123039159e+01 2.000000000000000000e+00 1.843908891458577415e+01 2.009975124224177989e+01 2.773084924772409465e+01 5.000000000000000000e+00 8.062257748298549132e+00 8.944271909999159220e+00 1.000000000000000000e+01 2.385372088375312671e+01 1.360147050873544394e+01 1.345362404707370985e+01 2.158703314492290204e+01 0.000000000000000000e+00 7.000000000000000000e+00 1.389244398944980396e+01 1.772004514666934938e+01 1.843908891458577415e+01 6.324555320336759046e+00 2.500000000000000000e+01
2.353720459187963954e+01 5.000000000000000000e+00 1.389244398944980396e+01 2.061552812808830382e+01 2.549509756796392423e+01 4.242640687119284770e+00 1.503329637837290811e+01 1.360147050873544394e+01 1.526433752247374720e+01 2.996664812754339380e+01 1.860107523773827509e+01 1.019803902718556898e+01 2.109502310972898798e+01 7.000000000000000000e+00 0.000000000000000000e+00 1.843908891458577415e+01 1.118033988749894903e+01 2.531797780234432693e+01 2.236067977499789805e+00 2.596150997149434048e+01
1.421267040355189515e+01 1.500000000000000000e+01 2.100000000000000000e+01 1.204159457879229578e+01 2.302172886644267535e+01 1.421267040355189515e+01 1.104536101718726115e+01 5.000000000000000000e+00 4.123105625617660586e+00 1.303840481040529831e+01 1.414213562373095145e+00 1.612451549659709826e+01 1.500000000000000000e+01 1.389244398944980396e+01 1.843908891458577415e+01 0.000000000000000000e+00 2.941088233970548416e+01 1.360147050873544394e+01 1.910497317454279909e+01 1.476482306023340030e+01
3.176476034853718033e+01 1.581138830084189628e+01 1.726267650163206824e+01 2.915475947422650194e+01 3.041381265149109936e+01 1.526433752247374720e+01 2.570992026436488231e+01 2.469817807045693669e+01 2.641968962724581260e+01 4.114608122288196768e+01 2.968164415931165934e+01 1.700000000000000000e+01 2.863564212655270680e+01 1.772004514666934938e+01 1.118033988749894903e+01 2.941088233970548416e+01 0.000000000000000000e+00 3.613862199918530393e+01 1.140175425099137918e+01 3.448187929913333249e+01
2.758622844826744469e+01 2.039607805437113797e+01 3.298484500494128469e+01 2.561249694973139412e+01 3.661966684720110976e+01 2.202271554554523902e+01 1.044030650891055068e+01 1.456021977856103611e+01 1.264911064067351809e+01 9.219544457292887074e+00 1.220655561573370207e+01 2.765863337187866122e+01 2.860069929215018192e+01 1.843908891458577415e+01 2.531797780234432693e+01 1.360147050873544394e+01 3.613862199918530393e+01 0.000000000000000000e+00 2.473863375370596174e+01 2.765863337187866122e+01
2.531797780234432693e+01 4.472135954999579610e+00 1.612451549659709826e+01 2.236067977499789805e+01 2.765863337187866122e+01 5.385164807134503739e+00 1.431782106327635340e+01 1.414213562373095101e+01 1.562049935181330795e+01 3.001666203960726875e+01 1.910497317454279909e+01 1.236931687685298087e+01 2.302172886644267535e+01 6.324555320336759046e+00 2.236067977499789805e+00 1.910497317454279909e+01 1.140175425099137918e+01 2.473863375370596174e+01 0.000000000000000000e+00 2.765863337187866122e+01
2.828427124746190291e+00 2.507987240796890660e+01 1.910497317454279909e+01 5.385164807134503739e+00 1.200000000000000000e+01 2.236067977499789805e+01 2.529822128134703618e+01 1.746424919657297892e+01 1.802775637731994607e+01 2.332380757938120297e+01 1.612451549659709826e+01 1.749285568453590045e+01 6.403124237432848531e+00 2.500000000000000000e+01 2.596150997149434048e+01 1.476482306023340030e+01 3.448187929913333249e+01 2.765863337187866122e+01 2.765863337187866122e+01 0.000000000000000000e+00
