0.000000000000000000e+00 1.486606874731850603e+01 1.562049935181330795e+01 2.441311123146740414e+01 9.486832980505138124e+00 1.300000000000000000e+01 1.118033988749894903e+01 2.529822128134703618e+01 1.615549442140351033e+01 3.041381265149109936e+01 6.708203932499369415e+00 1.264911064067351809e+01 5.385164807134503739e+00 2.640075756488817049e+01 1.969771560359220786e+01 7.615773105863908654e+00 1.272792206135785520e+01 2.596150997149434048e+01 1.456021977856103611e+01 1.166190378969060149e+01
1.486606874731850603e+01 0.000000000000000000e+00 2.002498439450078749e+01 2.563201123595259290e+01 7.280109889280518054e+00 2.280350850198275836e+01 2.469817807045693669e+01 2.220360331117451835e+01 5.656854249492380582e+00 2.884441020371191300e+01 1.392838827718411920e+01 6.082762530298219339e+00 1.749285568453590045e+01 2.785677655436823841e+01 7.280109889280518054e+00 2.220360331117451835e+01 1.910497317454279909e+01 1.431782106327635340e+01 6.708203932499369415e+00 5.000000000000000000e+00
1.562049935181330795e+01 2.002498439450078749e+01 0.000000000000000000e+00 8.944271909999159220e+00 1.334166406412633421e+01 7.280109889280518054e+00 1.403566884761819900e+01 1.216552506059643868e+01 1.627882059609970611e+01 1.552417469626002422e+01 9.219544457292887074e+00 1.400000000000000000e+01 1.118033988749894903e+01 1.081665382639196871e+01 1.897366596101027625e+01 2.024845673131658685e+01 3.162277660168379523e+00 2.140093455903269515e+01 1.414213562373095101e+01 2.088061301782110135e+01
2.441311123146740414e+01 2.563201123595259290e+01 8.944271909999159220e+00 0.000000000000000000e+00 2.024845673131658685e+01 1.513274595042155646e+01 2.220360331117451835e+01 7.211102550927978250e+00 2.061552812808830382e+01 7.000000000000000000e+00 1.780449381476485726e+01 1.969771560359220786e+01 2.012461179749810825e+01 2.236067977499789805e+00 2.209072203437452231e+01 2.915475947422650194e+01 1.208304597359457233e+01 2.158703314492290204e+01 1.897366596101027625e+01 2.778488797889960793e+01
9.486832980505138124e+00 7.280109889280518054e+00 1.334166406412633421e+01 2.024845673131658685e+01 0.000000000000000000e+00 1.552417469626002422e+01 1.780449381476485726e+01 1.860107523773827509e+01 6.708203932499369415e+00 2.475883680627989492e+01 6.708203932499369415e+00 3.162277660168379523e+00 1.063014581273464998e+01 2.247220505424423109e+01 1.029563014098700080e+01 1.708800749063506075e+01 1.200000000000000000e+01 1.649242250247064234e+01 5.099019513592784492e+00 7.615773105863908654e+00
1.300000000000000000e+01 2.280350850198275836e+01 7.280109889280518054e+00 1.513274595042155646e+01 1.552417469626002422e+01 0.000000000000000000e+00 7.071067811865475505e+00 1.941648783894759944e+01 2.059126028197400160e+01 2.209072203437452231e+01 9.055385138137417300e+00 1.746424919657297892e+01 7.615773105863908654e+00 1.649242250247064234e+01 2.385372088375312671e+01 1.500000000000000000e+01 5.000000000000000000e+00 2.758622844826744469e+01 1.835755975068581947e+01 2.202271554554523902e+01
1.118033988749894903e+01 2.469817807045693669e+01 1.403566884761819900e+01 2.220360331117451835e+01 1.780449381476485726e+01 7.071067811865475505e+00 0.000000000000000000e+00 2.617250465660480074e+01 2.404163056034261459e+01 2.915475947422650194e+01 1.131370849898476116e+01 2.051828452868319275e+01 7.211102550927978250e+00 2.353720459187963954e+01 2.758622844826744469e+01 9.433981132056603158e+00 1.118033988749894903e+01 3.244996147917590434e+01 2.193171219946130890e+01 2.247220505424423109e+01
2.529822128134703618e+01 2.220360331117451835e+01 1.216552506059643868e+01 7.211102550927978250e+00 1.860107523773827509e+01 1.941648783894759944e+01 2.617250465660480074e+01 0.000000000000000000e+00 1.664331697709323876e+01 6.708203932499369415e+00 1.868154169226940553e+01 1.697056274847713908e+01 2.220360331117451835e+01 8.544003745317530374e+00 1.708800749063506075e+01 3.140063693621516450e+01 1.503329637837290811e+01 1.503329637837290811e+01 1.562049935181330795e+01 2.545584412271571040e+01
1.615549442140351033e+01 5.656854249492380582e+00 1.627882059609970611e+01 2.061552812808830382e+01 6.708203932499369415e+00 2.059126028197400160e+01 2.404163056034261459e+01 1.664331697709323876e+01 0.000000000000000000e+00 2.332380757938120297e+01 1.272792206135785520e+01 3.605551275463989125e+00 1.702938636592640265e+01 2.280350850198275836e+01 3.605551275463989125e+00 2.376972864800942631e+01 1.615549442140351033e+01 1.004987562112088995e+01 2.236067977499789805e+00 9.848857801796103928e+00
3.041381265149109936e+01 2.884441020371191300e+01 1.552417469626002422e+01 7.000000000000000000e+00 2.475883680627989492e+01 2.209072203437452231e+01 2.915475947422650194e+01 6.708203932499369415e+00 2.332380757938120297e+01 0.000000000000000000e+00 2.370653918225939449e+01 2.343074902771996193e+01 2.657066051117284644e+01 6.324555320336759046e+00 2.376972864800942631e+01 3.573513677041127323e+01 1.868154169226940553e+01 2.109502310972898798e+01 2.220360331117451835e+01 3.189043743820394994e+01
6.708203932499369415e+00 1.392838827718411920e+01 9.219544457292887074e+00 1.780449381476485726e+01 6.708203932499369415e+00 9.055385138137417300e+00 1.131370849898476116e+01 1.868154169226940553e+01 1.272792206135785520e+01 2.370653918225939449e+01 0.000000000000000000e+00 9.219544457292887074e+00 4.472135954999579610e+00 1.984943324127920761e+01 1.627882059609970611e+01 1.300000000000000000e+01 6.708203932499369415e+00 2.147091055358388800e+01 1.063014581273464998e+01 1.300000000000000000e+01
1.264911064067351809e+01 6.082762530298219339e+00 1.400000000000000000e+01 1.969771560359220786e+01 3.162277660168379523e+00 1.746424919657297892e+01 2.051828452868319275e+01 1.697056274847713908e+01 3.605551275463989125e+00 2.343074902771996193e+01 9.219544457292887074e+00 0.000000000000000000e+00 1.345362404707370985e+01 2.193171219946130890e+01 7.211102550927978250e+00 2.024845673131658685e+01 1.334166406412633421e+01 1.334166406412633421e+01 2.000000000000000000e+00 8.485281374238569541e+00
5.385164807134503739e+00 1.749285568453590045e+01 1.118033988749894903e+01 2.012461179749810825e+01 1.063014581273464998e+01 7.615773105863908654e+00 7.211102550927978250e+00 2.220360331117451835e+01 1.702938636592640265e+01 2.657066051117284644e+01 4.472135954999579610e+00 1.345362404707370985e+01 0.000000000000000000e+00 2.195449840010014952e+01 2.061552812808830382e+01 9.219544457292887074e+00 8.062257748298549132e+00 2.594224354214569317e+01 1.500000000000000000e+01 1.552417469626002422e+01
2.640075756488817049e+01 2.785677655436823841e+01 1.081665382639196871e+01 2.236067977499789805e+00 2.247220505424423109e+01 1.649242250247064234e+01 2.353720459187963954e+01 8.544003745317530374e+00 2.280350850198275836e+01 6.324555320336759046e+00 1.984943324127920761e+01 2.193171219946130890e+01 2.195449840010014952e+01 0.000000000000000000e+00 2.418677324489564739e+01 3.087069808086626210e+01 1.389244398944980396e+01 2.334523505985750447e+01 2.118962010041709121e+01 3.001666203960726875e+01
1.969771560359220786e+01 7.280109889280518054e+00 1.897366596101027625e+01 2.209072203437452231e+01 1.029563014098700080e+01 2.385372088375312671e+01 2.758622844826744469e+01 1.708800749063506075e+01 3.605551275463989125e+00 2.376972864800942631e+01 1.627882059609970611e+01 7.211102550927978250e+00 2.061552812808830382e+01 2.418677324489564739e+01 0.000000000000000000e+00 2.731300056749532601e+01 1.923538406167134340e+01 7.071067811865475505e+00 5.656854249492380582e+00 1.216552506059643868e+01
7.615773105863908654e+00 2.220360331117451835e+01 2.024845673131658685e+01 2.915475947422650194e+01 1.708800749063506075e+01 1.500000000000000000e+01 9.433981132056603158e+00 3.140063693621516450e+01 2.376972864800942631e+01 3.573513677041127323e+01 1.300000000000000000e+01 2.024845673131658685e+01 9.219544457292887074e+00 3.087069808086626210e+01 2.731300056749532601e+01 0.000000000000000000e+00 1.708800749063506075e+01 3.352610922848042208e+01 2.213594362117865444e+01 1.838477631085023489e+01
1.272792206135785520e+01 1.910497317454279909e+01 3.162277660168379523e+00 1.208304597359457233e+01 1.200000000000000000e+01 5.000000000000000000e+00 1.118033988749894903e+01 1.503329637837290811e+01 1.615549442140351033e+01 1.868154169226940553e+01 6.708203932499369415e+00 1.334166406412633421e+01 8.062257748298549132e+00 1.389244398944980396e+01 1.923538406167134340e+01 1.708800749063506075e+01 0.000000000000000000e+00 2.262741699796952233e+01 1.392838827718411920e+01 1.923538406167134340e+01
2.596150997149434048e+01 1.431782106327635340e+01 2.140093455903269515e+01 2.158703314492290204e+01 1.649242250247064234e+01 2.758622844826744469e+01 3.244996147917590434e+01 1.503329637837290811e+01 1.004987562112088995e+01 2.109502310972898798e+01 2.147091055358388800e+01 1.334166406412633421e+01 2.594224354214569317e+01 2.334523505985750447e+01 7.071067811865475505e+00 3.352610922848042208e+01 2.262741699796952233e+01 0.000000000000000000e+00 1.140175425099137918e+01 1.923538406167134340e+01
1.456021977856103611e+01 6.708203932499369415e+00 1.414213562373095101e+01 1.897366596101027625e+01 5.099019513592784492e+00 1.835755975068581947e+01 2.193171219946130890e+01 1.562049935181330795e+01 2.236067977499789805e+00 2.220360331117451835e+01 1.063014581273464998e+01 2.000000000000000000e+00 1.500000000000000000e+01 2.118962010041709121e+01 5.656854249492380582e+00 2.213594362117865444e+01 1.392838827718411920e+01 1.140175425099137918e+01 0.000000000000000000e+00 1.000000000000000000e+01
1.166190378969060149e+01 5.000000000000000000e+00 2.088061301782110135e+01 2.778488797889960793e+01 7.615773105863908654e+00 2.202271554554523902e+01 2.247220505424423109e+01 2.545584412271571040e+01 9.848857801796103928e+00 3.189043743820394994e+01 1.300000000000000000e+01 8.485281374238569541e+00 1.552417469626002422e+01 3.001666203960726875e+01 1.216552506059643868e+01 1.838477631085023489e+01 1.923538406167134340e+01 1.923538406167134340e+01 1.000000000000000000e+01 0.000000000000000000e+00
