1.020000000000000000e+02 7.400000000000000000e+01
7.300000000000000000e+01 6.900000000000000000e+01
1.010000000000000000e+02 5.000000000000000000e+01
7.600000000000000000e+01 7.800000000000000000e+01
9.200000000000000000e+01 6.600000000000000000e+01
9.600000000000000000e+01 7.100000000000000000e+01
1.050000000000000000e+02 5.500000000000000000e+01
8.900000000000000000e+01 7.000000000000000000e+01
1.110000000000000000e+02 5.600000000000000000e+01
1.110000000000000000e+02 7.800000000000000000e+01
1.040000000000000000e+02 7.000000000000000000e+01
1.030000000000000000e+02 5.400000000000000000e+01
8.400000000000000000e+01 7.700000000000000000e+01
1.090000000000000000e+02 6.400000000000000000e+01
1.030000000000000000e+02 6.900000000000000000e+01
9.900000000000000000e+01 7.900000000000000000e+01
1.090000000000000000e+02 8.300000000000000000e+01
1.070000000000000000e+02 6.200000000000000000e+01
1.090000000000000000e+02 8.000000000000000000e+01
8.400000000000000000e+01 4.900000000000000000e+01
