3.000000000000000000e+01 9.300000000000000000e+01
1.800000000000000000e+01 1.150000000000000000e+02
3.900000000000000000e+01 1.020000000000000000e+02
4.000000000000000000e+01 1.200000000000000000e+02
2.000000000000000000e+01 1.270000000000000000e+02
4.000000000000000000e+01 1.270000000000000000e+02
2.000000000000000000e+01 1.160000000000000000e+02
3.100000000000000000e+01 1.240000000000000000e+02
2.100000000000000000e+01 1.070000000000000000e+02
3.300000000000000000e+01 1.050000000000000000e+02
1.400000000000000000e+01 9.200000000000000000e+01
2.200000000000000000e+01 1.010000000000000000e+02
3.100000000000000000e+01 1.280000000000000000e+02
2.300000000000000000e+01 1.060000000000000000e+02
2.100000000000000000e+01 1.050000000000000000e+02
3.100000000000000000e+01 1.190000000000000000e+02
3.700000000000000000e+01 1.130000000000000000e+02
2.800000000000000000e+01 1.060000000000000000e+02
1.900000000000000000e+01 9.400000000000000000e+01
1.200000000000000000e+01 1.150000000000000000e+02
2.800000000000000000e+01 8.900000000000000000e+01
2.400000000000000000e+01 1.220000000000000000e+02
3.300000000000000000e+01 1.130000000000000000e+02
2.500000000000000000e+01 1.160000000000000000e+02
2.200000000000000000e+01 9.600000000000000000e+01
1.200000000000000000e+01 9.900000000000000000e+01
3.300000000000000000e+01 1.170000000000000000e+02
