4.900000000000000000e+01 8.400000000000000000e+01
4.700000000000000000e+01 1.120000000000000000e+02
2.500000000000000000e+01 1.010000000000000000e+02
5.800000000000000000e+01 9.200000000000000000e+01
5.400000000000000000e+01 8.200000000000000000e+01
6.700000000000000000e+01 1.150000000000000000e+02
4.800000000000000000e+01 1.040000000000000000e+02
6.700000000000000000e+01 1.000000000000000000e+02
4.000000000000000000e+01 9.400000000000000000e+01
3.000000000000000000e+01 1.110000000000000000e+02
5.200000000000000000e+01 9.200000000000000000e+01
4.200000000000000000e+01 1.180000000000000000e+02
4.300000000000000000e+01 1.090000000000000000e+02
4.900000000000000000e+01 1.200000000000000000e+02
2.900000000000000000e+01 8.800000000000000000e+01
2.400000000000000000e+01 9.300000000000000000e+01
3.200000000000000000e+01 8.300000000000000000e+01
6.200000000000000000e+01 9.200000000000000000e+01
2.300000000000000000e+01 1.110000000000000000e+02
3.800000000000000000e+01 8.000000000000000000e+01
4.100000000000000000e+01 1.250000000000000000e+02
4.700000000000000000e+01 1.000000000000000000e+02
5.300000000000000000e+01 1.180000000000000000e+02
5.600000000000000000e+01 1.250000000000000000e+02
