5.300000000000000000e+01 1.180000000000000000e+02
2.700000000000000000e+01 8.700000000000000000e+01
4.300000000000000000e+01 8.400000000000000000e+01
3.700000000000000000e+01 1.180000000000000000e+02
2.200000000000000000e+01 9.000000000000000000e+01
3.400000000000000000e+01 1.180000000000000000e+02
3.300000000000000000e+01 1.070000000000000000e+02
5.400000000000000000e+01 9.000000000000000000e+01
5.000000000000000000e+01 1.140000000000000000e+02
1.700000000000000000e+01 9.100000000000000000e+01
4.200000000000000000e+01 1.030000000000000000e+02
2.800000000000000000e+01 8.200000000000000000e+01
2.500000000000000000e+01 1.190000000000000000e+02
4.200000000000000000e+01 1.150000000000000000e+02
5.400000000000000000e+01 1.110000000000000000e+02
4.000000000000000000e+01 9.000000000000000000e+01
2.300000000000000000e+01 8.500000000000000000e+01
4.300000000000000000e+01 7.900000000000000000e+01
3.200000000000000000e+01 1.100000000000000000e+02
3.900000000000000000e+01 1.130000000000000000e+02
