6.700000000000000000e+01 7.100000000000000000e+01
5.800000000000000000e+01 9.400000000000000000e+01
5.100000000000000000e+01 9.700000000000000000e+01
7.400000000000000000e+01 9.500000000000000000e+01
3.400000000000000000e+01 7.400000000000000000e+01
3.200000000000000000e+01 9.400000000000000000e+01
7.100000000000000000e+01 8.100000000000000000e+01
3.300000000000000000e+01 7.600000000000000000e+01
5.900000000000000000e+01 9.300000000000000000e+01
3.300000000000000000e+01 7.200000000000000000e+01
3.700000000000000000e+01 7.500000000000000000e+01
3.200000000000000000e+01 7.800000000000000000e+01
5.900000000000000000e+01 8.100000000000000000e+01
3.300000000000000000e+01 8.500000000000000000e+01
3.900000000000000000e+01 7.300000000000000000e+01
3.500000000000000000e+01 1.050000000000000000e+02
3.400000000000000000e+01 9.200000000000000000e+01
4.300000000000000000e+01 1.070000000000000000e+02
5.700000000000000000e+01 7.400000000000000000e+01
6.900000000000000000e+01 6.900000000000000000e+01
7.400000000000000000e+01 8.100000000000000000e+01
4.700000000000000000e+01 8.700000000000000000e+01
7.600000000000000000e+01 7.300000000000000000e+01
5.400000000000000000e+01 9.800000000000000000e+01
3.800000000000000000e+01 9.900000000000000000e+01
4.000000000000000000e+01 7.800000000000000000e+01
6.100000000000000000e+01 1.030000000000000000e+02
6.600000000000000000e+01 8.300000000000000000e+01
