1.190000000000000000e+02 2.000000000000000000e+01
1.080000000000000000e+02 3.700000000000000000e+01
1.150000000000000000e+02 1.900000000000000000e+01
1.000000000000000000e+02 2.000000000000000000e+01
1.050000000000000000e+02 3.400000000000000000e+01
1.100000000000000000e+02 4.000000000000000000e+01
7.700000000000000000e+01 2.900000000000000000e+01
8.600000000000000000e+01 2.600000000000000000e+01
1.000000000000000000e+02 2.500000000000000000e+01
1.130000000000000000e+02 3.900000000000000000e+01
7.900000000000000000e+01 3.200000000000000000e+01
1.010000000000000000e+02 3.700000000000000000e+01
8.900000000000000000e+01 2.300000000000000000e+01
7.900000000000000000e+01 2.600000000000000000e+01
1.050000000000000000e+02 3.100000000000000000e+01
1.040000000000000000e+02 3.900000000000000000e+01
8.600000000000000000e+01 2.000000000000000000e+01
1.150000000000000000e+02 3.300000000000000000e+01
1.220000000000000000e+02 4.200000000000000000e+01
7.800000000000000000e+01 3.400000000000000000e+01
8.700000000000000000e+01 2.100000000000000000e+01
1.080000000000000000e+02 4.100000000000000000e+01
9.200000000000000000e+01 2.200000000000000000e+01
1.000000000000000000e+02 4.300000000000000000e+01
8.700000000000000000e+01 2.700000000000000000e+01
8.800000000000000000e+01 3.200000000000000000e+01
9.700000000000000000e+01 2.400000000000000000e+01
9.700000000000000000e+01 2.800000000000000000e+01
