1.150000000000000000e+02 4.500000000000000000e+01
1.140000000000000000e+02 6.900000000000000000e+01
7.700000000000000000e+01 5.300000000000000000e+01
8.700000000000000000e+01 3.400000000000000000e+01
1.070000000000000000e+02 3.800000000000000000e+01
9.000000000000000000e+01 5.600000000000000000e+01
9.400000000000000000e+01 2.900000000000000000e+01
9.500000000000000000e+01 5.000000000000000000e+01
9.800000000000000000e+01 5.400000000000000000e+01
9.100000000000000000e+01 2.600000000000000000e+01
7.500000000000000000e+01 5.200000000000000000e+01
7.900000000000000000e+01 2.400000000000000000e+01
6.800000000000000000e+01 5.400000000000000000e+01
8.900000000000000000e+01 2.400000000000000000e+01
9.400000000000000000e+01 4.800000000000000000e+01
8.500000000000000000e+01 5.600000000000000000e+01
9.000000000000000000e+01 5.100000000000000000e+01
1.070000000000000000e+02 3.300000000000000000e+01
7.300000000000000000e+01 2.800000000000000000e+01
1.010000000000000000e+02 6.500000000000000000e+01
7.200000000000000000e+01 4.300000000000000000e+01
1.010000000000000000e+02 6.800000000000000000e+01
7.200000000000000000e+01 4.500000000000000000e+01
9.800000000000000000e+01 5.900000000000000000e+01
1.080000000000000000e+02 2.400000000000000000e+01
1.150000000000000000e+02 4.000000000000000000e+01
9.400000000000000000e+01 6.300000000000000000e+01
