5.200000000000000000e+01 1.360000000000000000e+02
3.600000000000000000e+01 9.500000000000000000e+01
5.100000000000000000e+01 1.010000000000000000e+02
3.300000000000000000e+01 1.270000000000000000e+02
3.000000000000000000e+01 1.100000000000000000e+02
3.900000000000000000e+01 1.150000000000000000e+02
3.200000000000000000e+01 1.110000000000000000e+02
4.200000000000000000e+01 1.140000000000000000e+02
6.300000000000000000e+01 1.100000000000000000e+02
7.000000000000000000e+01 1.070000000000000000e+02
4.500000000000000000e+01 1.070000000000000000e+02
6.800000000000000000e+01 1.160000000000000000e+02
4.200000000000000000e+01 1.350000000000000000e+02
3.800000000000000000e+01 9.200000000000000000e+01
6.100000000000000000e+01 1.190000000000000000e+02
4.400000000000000000e+01 1.320000000000000000e+02
4.500000000000000000e+01 1.280000000000000000e+02
4.000000000000000000e+01 1.330000000000000000e+02
6.700000000000000000e+01 1.170000000000000000e+02
4.600000000000000000e+01 1.300000000000000000e+02
4.200000000000000000e+01 1.370000000000000000e+02
4.600000000000000000e+01 1.360000000000000000e+02
5.600000000000000000e+01 1.020000000000000000e+02
5.300000000000000000e+01 9.000000000000000000e+01
5.400000000000000000e+01 1.180000000000000000e+02
4.400000000000000000e+01 1.090000000000000000e+02
6.100000000000000000e+01 1.150000000000000000e+02
3.100000000000000000e+01 1.210000000000000000e+02
