1.010000000000000000e+02 3.700000000000000000e+01
9.100000000000000000e+01 2.100000000000000000e+01
1.040000000000000000e+02 3.300000000000000000e+01
9.200000000000000000e+01 4.500000000000000000e+01
9.900000000000000000e+01 5.400000000000000000e+01
1.100000000000000000e+02 2.900000000000000000e+01
1.110000000000000000e+02 3.500000000000000000e+01
1.020000000000000000e+02 5.000000000000000000e+01
1.150000000000000000e+02 3.800000000000000000e+01
1.130000000000000000e+02 3.100000000000000000e+01
1.100000000000000000e+02 3.700000000000000000e+01
1.020000000000000000e+02 2.600000000000000000e+01
1.050000000000000000e+02 5.400000000000000000e+01
1.120000000000000000e+02 2.600000000000000000e+01
1.030000000000000000e+02 4.400000000000000000e+01
1.070000000000000000e+02 2.300000000000000000e+01
9.000000000000000000e+01 5.600000000000000000e+01
1.150000000000000000e+02 5.600000000000000000e+01
9.700000000000000000e+01 3.900000000000000000e+01
8.100000000000000000e+01 4.000000000000000000e+01
1.080000000000000000e+02 2.400000000000000000e+01
1.010000000000000000e+02 4.400000000000000000e+01
8.300000000000000000e+01 2.300000000000000000e+01
1.080000000000000000e+02 3.000000000000000000e+01
1.070000000000000000e+02 2.700000000000000000e+01
8.700000000000000000e+01 5.600000000000000000e+01
