3.800000000000000000e+01 9.300000000000000000e+01
5.200000000000000000e+01 6.800000000000000000e+01
3.200000000000000000e+01 1.020000000000000000e+02
4.700000000000000000e+01 8.900000000000000000e+01
5.400000000000000000e+01 7.700000000000000000e+01
4.900000000000000000e+01 1.060000000000000000e+02
3.400000000000000000e+01 8.200000000000000000e+01
5.300000000000000000e+01 7.000000000000000000e+01
3.800000000000000000e+01 1.020000000000000000e+02
4.800000000000000000e+01 1.030000000000000000e+02
4.900000000000000000e+01 9.400000000000000000e+01
3.100000000000000000e+01 9.200000000000000000e+01
2.600000000000000000e+01 7.400000000000000000e+01
4.900000000000000000e+01 7.500000000000000000e+01
3.600000000000000000e+01 9.600000000000000000e+01
2.600000000000000000e+01 9.900000000000000000e+01
3.500000000000000000e+01 8.700000000000000000e+01
4.000000000000000000e+01 7.400000000000000000e+01
5.500000000000000000e+01 7.500000000000000000e+01
3.100000000000000000e+01 7.400000000000000000e+01
