6.900000000000000000e+01 2.700000000000000000e+01
7.400000000000000000e+01 4.900000000000000000e+01
9.000000000000000000e+01 3.500000000000000000e+01
8.800000000000000000e+01 2.400000000000000000e+01
7.200000000000000000e+01 3.800000000000000000e+01
9.900000000000000000e+01 1.500000000000000000e+01
1.010000000000000000e+02 1.800000000000000000e+01
9.800000000000000000e+01 3.100000000000000000e+01
6.600000000000000000e+01 1.300000000000000000e+01
7.500000000000000000e+01 4.200000000000000000e+01
8.100000000000000000e+01 2.700000000000000000e+01
6.400000000000000000e+01 5.100000000000000000e+01
9.500000000000000000e+01 3.800000000000000000e+01
1.070000000000000000e+02 2.000000000000000000e+01
7.500000000000000000e+01 2.300000000000000000e+01
1.080000000000000000e+02 4.000000000000000000e+01
8.800000000000000000e+01 4.300000000000000000e+01
6.900000000000000000e+01 3.500000000000000000e+01
8.800000000000000000e+01 2.900000000000000000e+01
1.060000000000000000e+02 4.200000000000000000e+01
7.500000000000000000e+01 2.800000000000000000e+01
1.050000000000000000e+02 2.800000000000000000e+01
