5.600000000000000000e+01 1.170000000000000000e+02
6.400000000000000000e+01 8.700000000000000000e+01
7.100000000000000000e+01 8.500000000000000000e+01
4.400000000000000000e+01 8.700000000000000000e+01
6.000000000000000000e+01 1.060000000000000000e+02
6.600000000000000000e+01 1.120000000000000000e+02
3.900000000000000000e+01 9.900000000000000000e+01
5.300000000000000000e+01 1.030000000000000000e+02
6.300000000000000000e+01 9.800000000000000000e+01
4.300000000000000000e+01 8.400000000000000000e+01
5.300000000000000000e+01 1.070000000000000000e+02
4.000000000000000000e+01 1.170000000000000000e+02
6.400000000000000000e+01 1.120000000000000000e+02
5.600000000000000000e+01 8.700000000000000000e+01
6.300000000000000000e+01 1.160000000000000000e+02
4.900000000000000000e+01 9.000000000000000000e+01
5.500000000000000000e+01 9.500000000000000000e+01
5.400000000000000000e+01 1.110000000000000000e+02
4.100000000000000000e+01 9.000000000000000000e+01
6.900000000000000000e+01 9.600000000000000000e+01
6.000000000000000000e+01 1.080000000000000000e+02
5.900000000000000000e+01 9.500000000000000000e+01
6.600000000000000000e+01 1.030000000000000000e+02
6.600000000000000000e+01 9.500000000000000000e+01
